P -1250, -1200, 0, 255, 255, 255, 2, Thunder_Spirit_-_1
P -839, -1419, 0, 153, 153, 153, 2, Pad_to_Noble
P -533, -1612, 0, 153, 153, 153, 2, Pad_to_Quest_Room
P -370, -1360, 0, 153, 153, 153, 2, Pad_to_Azarack
P -547, -1415, 0, 153, 153, 153, 2, X
P -1700, -300, 0, 255, 255, 255, 2, Noble_Dojorn/Gwan
P -1171, -454, 0, 153, 153, 153, 2, Pad_to_Azarack
P -1108, -516, 0, 153, 153, 153, 2, X
P 100, 350, 0, 255, 255, 255, 2, Azarack_-_2
P 580, 460, 0, 153, 153, 153, 2, Pad_to_Gorgalisk
P 434, 103, 0, 153, 153, 153, 2, X
P -550, 0, 0, 255, 255, 255, 2, Gorgalisk_-_3
P -231, -189, 0, 153, 153, 153, 2, Pad_to_Horses
P -320, -563, 0, 153, 153, 153, 2, X
P 800, -1400, 0, 255, 255, 255, 2, Horse_-_4
P 344, -493, 0, 153, 153, 153, 2, Pad_to_Spiroc
P 787, -1196, 0, 153, 153, 153, 2, X
P -1100, 1100, 0, 255, 255, 255, 2, Spiroc_-_5
P -729, 193, 0, 153, 153, 153, 2, Pad_to_Bzzazzt
P -1111, 855, 0, 153, 153, 153, 2, X
P -400, 1400, 0, 255, 255, 255, 2, Bzzazzt_-_6
P -410, 1181, 0, 153, 153, 153, 2, Pad_to_Sphinx
P -408, 775, 0, 153, 153, 153, 2, X
P 600, 1800, 0, 255, 255, 255, 2, Drake/Sphinx_-_7
P 1136, 717, 0, 153, 153, 153, 2, Pad_to_Veeshan
P 388, 906, 0, 153, 153, 153, 2, X
P 1350, 0, 0, 255, 255, 255, 2, Veeshan_-_8
P 1294, 262, 0, 153, 153, 153, 2, X
P -1100, 1600, 0, 255, 255, 255, 2, X_-_Place_you_port_to_when_you_take_the_pad
