P 444.0000, -2112.0000, -183.9365,  0, 0, 0,  3,  Automate_(Sorts)
P 425.0000, -2111.0000, -183.9365,  0, 0, 0,  3,  Automate_(Sorts)
P 1040.0000, -1120.0000, 29.0010,  0, 0, 0,  3,  Automate_(Sorts)
P 396.0000, -2081.0000, -183.9365,  0, 0, 0,  3,  Automate_(Sorts)
P 367.0000, -2156.0000, -183.9365,  0, 0, 0,  3,  Automate_(Sorts)
P 374.0000, -2149.0000, -183.9365,  0, 0, 0,  3,  Automate_(Sorts)
P 356.0000, -2149.0000, -183.9365,  0, 0, 0,  3,  Automate_(Sorts)
P 444.0000, -2148.0000, -183.9365,  0, 0, 0,  3,  Automate_(Marchand)
P 371.0000, -2083.0000, -183.9365,  0, 0, 0,  3,  Automate_(Marchand)
P 410.0000, -2098.0000, -181.3427,  0, 0, 0,  3,  Automate_(Sorts)
P 775.0000, -1242.0000, -27.9990,  0, 0, 0,  3,  Automate_(Marchand)
P 777.0000, -1265.0000, -27.9990,  0, 0, 0,  3,  Automate_(Marchand)
P 115.0000, -484.0000, -27.9990,  0, 0, 0,  3,  Automate_(Marchand)
P 52.0000, -976.0000, -23.9990,  0, 0, 0,  3,  Automate_(Armure)
P 63.0000, -952.0000, -23.9990,  0, 0, 0,  3,  Automate_(Armure)
P 37.0000, -943.0000, -39.9677,  0, 0, 0,  3,  Automate_(Couture)
P 37.0000, -966.0000, -39.9677,  0, 0, 0,  3,  Automate_(Armure)
P 299.0000, -886.0000, -21.9990,  0, 0, 0,  3,  Automate_(Cuisine)
P 945.0000, -1245.0000, -31.9990,  0, 0, 0,  3,  Automate_(Bar)
P 946.0000, -1252.0000, -31.9990,  0, 0, 0,  3,  Automate_(Bar)
P 284.0000, -904.0000, -21.9990,  0, 0, 0,  3,  Automate_(Marchand)
P 301.0000, -891.0000, -31.9990,  0, 0, 0,  3,  Automate_(Potion)
P 952.0000, -1347.0000, -31.9990,  0, 0, 0,  3,  Automate_(Gemmes)
P 917.0000, -1332.0000, -31.9990,  0, 0, 0,  3,  Automate_(Gemmes)
P 879.0000, -1250.0000, -31.9990,  0, 0, 0,  3,  Automate_(Arcs_et_flèches)
P 884.0000, -1315.0000, -31.9990,  0, 0, 0,  3,  Automate_(Armes)
P 749.0000, -1313.0000, -27.9990,  0, 0, 0,  3,  Automate_(Armure)
P 707.0000, -1320.0000, -27.9990,  0, 0, 0,  3,  Automate_(Armure)
P 716.6678, -1236.2922, -27.9990,  0, 0, 0,  3,  Automate_(Armor_Marchands)
P 740.0000, -1325.0000, -27.9990,  0, 0, 0,  3,  Automate_(Forgeron)
P 705.0000, -1221.0000, -27.9990,  0, 0, 0,  3,  Automate_(Forgeron)
P 173.0000, -750.0000, -31.9990,  0, 0, 0,  3,  Automate_(Poterie)
P 924.0000, -1265.0000, -31.9990,  0, 0, 0,  3,  Automate_(Distillation)
P 884.0000, -1348.0000, -31.9990,  0, 0, 0,  3,  Automate_(Gemmes)
P 852.0000, -1348.0000, -31.9990,  0, 0, 0,  3,  Automate_(Banque)
P 862.0000, -1348.0000, -31.9990,  0, 0, 0,  3,  Automate_(Banque)
P 759.0000, -1174.0000, -27.9990,  0, 0, 0,  3,  Automate_(Armure)
P -146.0000, -761.0000, -27.9990,  0, 0, 0,  3,  Automate_(Couture)
P -172.0000, -771.0000, -27.9990,  0, 0, 0,  3,  Automate_(Couture)
P -153.0000, -733.0000, -27.9990,  0, 0, 0,  3,  Automate_(Marchand)
P 1026.0000, -1108.0000, 28.0010,  0, 0, 0,  3,  Wuggan_(MG_Magicien)
P 469.0000, -836.0000, -31.9990,  0, 0, 0,  3,  Jarah_(MG_Guerrier)
P 979.0000, -1096.0000, 28.0010,  0, 0, 0,  3,  Juline_(MG_Enchanteur)
P 1010.0000, -1076.0000, 28.0010,  0, 0, 0,  3,  Nonnie_(MG_Enchanteur)
P 990.0000, -1049.0000, 28.0010,  0, 0, 0,  3,  Tobon_(MG_Sorcier)
P 1008.0000, -1046.0000, 28.0010,  0, 0, 0,  3,  Useah_(MG_Sorcier)
P 598.0000, -1240.0000, -55.9677,  0, 0, 0,  3,  Welno_(MG_Maraudeur)
P 615.0000, -1168.0000, -55.9677,  0, 0, 0,  3,  Lobal_(MG_Maraudeur)
P 407.0000, -2101.0000, -183.9365,  0, 0, 0,  3,  Eonis_(MG_Nécromancien)
P 388.0000, -2082.0000, -183.9365,  0, 0, 0,  3,  Dewis_(MG_Nécromancien)
P 388.0000, -2100.0000, -183.9365,  0, 0, 0,  3,  Evah_(MG_Clerc)
P 590.0000, -2022.0000, -183.9365,  0, 0, 0,  3,  Vaenor_(MG_Magicien)
P 509.0000, -2069.0000, -183.9365,  0, 0, 0,  3,  Kaxon_(MG_Maraudeur)
P 579.0000, -2024.0000, -183.9365,  0, 0, 0,  3,  Rilgor_(MG_Enchanteur)
P 503.0000, -2108.0000, -183.9365,  0, 0, 0,  3,  Naygog_(MG_Guerrier)
P 595.0000, -2031.0000, -183.9365,  0, 0, 0,  3,  Velena_(MG_Sorcier)
P 470.0000, -902.0000, -31.9990,  0, 0, 0,  3,  Manik_(MG_Guerrier)
P 441.0000, -847.0000, -31.9990,  0, 0, 0,  3,  Narron_(MG_Guerrier)
P 978.0000, -1029.0000, 29.0010,  0, 0, 0,  3,  Larkon_(MG_Magicien)
P 454.0000, -2061.0000, -183.9365,  0, 0, 0,  3,  Derthix_(MG_Clerc)
P 1039.0000, -1081.0000, 28.0010,  0, 0, 0,  3,  Xalirilan_(MG_Sorcier)
P 538.0000, -1183.0000, -41.9677,  0, 0, 0,  3,  Digetha_(MG_Clerc)
P 526.0000, -1231.0000, -37.9990,  0, 0, 0,  3,  Lewis_(MG_Paladin)
P 577.0000, -1191.0000, -34.9990,  0, 0, 0,  3,  Iony_(MG_Clerc)
P 428.0000, -2147.0000, -183.9365,  0, 0, 0,  3,  Garret_(MG_Fléau_d'ombre)
P -38.0000, -500.0000, -27.9990,  0, 0, 0,  3,  Toglonoit_Soulbinder
P 101.0000, -498.0000, -27.9990,  0, 0, 0,  3,  Lieurd’âmes_Toglonoit
P -156.5010, -773.5013, -27.9990,  0, 0, 0,  3,  Métier_à_tisser
P 711.0000, -1313.0000, -27.9990,  0, 0, 0,  3,  Ottonoggin_(Marchand)
P 142.0000, -711.0000, -55.9677,  0, 0, 0,  3,  Four_céramique
P 148.0000, -713.0000, -55.9677,  0, 0, 0,  3,  Kiln
P 431.0000, -848.0000, -31.9990,  0, 0, 0,  3,  Baxok_(MG_Guerrier)
P 413.0000, -2081.0000, -183.9365,  0, 0, 0,  3,  Automate_(Sorts)
P 412.0000, -2044.0000, -183.9365,  0, 0, 0,  3,  Automate_(Sorts)
P 540.0000, -2163.0000, -183.9365,  0, 0, 0,  3,  Automate_(Forgeron)
P 778.0000, -1328.0000, -27.9990,  0, 0, 0,  3,  Automate_(Marchand)
P 886.0000, -1285.0000, -31.9990,  0, 0, 0,  3,  Automate_(Armure)
P 915.0000, -1284.0000, -31.9990,  0, 0, 0,  3,  Automate_(Marchand)
P 829.0000, -1279.0000, -39.1217,  0, 0, 0,  3,  Zoo_d’Ak’Anon
P 35.0000, -47.0000, 0.0010,  0, 0, 0,  3,  vers_les_montagnes_de_Vapeur
P 475.0000, -866.0000, -31.9990,  0, 0, 0,  3,  Drekon_(Marchand)
P 720.0000, -1195.0000, -27.9990,  0, 0, 0,  3,  Tesil_(Marchand)
P 745.0000, -1170.0000, -27.9990,  0, 0, 0,  3,  Automate_(Forgeron)
P 705.9461, -1248.1617, -27.9990,  0, 0, 0,  3,  Forge
P 913.3503, -1250.0543, -31.7981,  0, 0, 0,  3,  Barril_de_distillation
P 190.0000, -1469.0000, -111.9677,  0, 0, 0,  3,  Rylin_(Marchand)
