P -272.8450, -1425.6606, 216.5726,  182, 0, 255,  3,  Obsqura@gmail.com
P 1014.0000, -217.0000, 402.9246,  0, 0, 240,  3,  Zone_In
P 836.0787, 564.9213, 571.7870,  240, 240, 240,  3,  Portal_to_Skylance_Tower
P -1465.4646, 325.5040, 3.3874,  0, 0, 240,  2,  Soulbinder_Cyndyll
P -1669.0432, 281.7356, 3.1830,  0, 0, 240,  2,  Spirit_Hunter_Azmaro_(Missions)
P -1685.0875, 274.6492, 4.3639,  0, 0, 240,  2,  Spirit_Hunter_Elijo_(Missions)
P -1697.4500, 329.3395, 5.9621,  0, 0, 240,  2,  Scribe_Luritem
P -1646.9172, 360.6514, 2.8951,  0, 0, 240,  2,  Quartermaster_Andoro
P -1468.5691, 292.7534, 6.2150,  0, 0, 240,  2,  Vahna_(Banker)
P -1687.0426, 198.0778, 9.9528,  0, 0, 240,  2,  Lady_Arkhan_(Missions)
P -1606.1102, 242.1054, 1.9619,  0, 0, 240,  2,  Frinkle_Geerlok
P -1154.8851, -1257.6240, 189.9135,  240, 0, 0,  2,  Okahn,_Hound_of_Druzzil
P -198.1868, 388.2828, 400.3944,  240, 0, 0,  2,  Zomm
P -611.0834, -802.4805, 322.3904,  0, 240, 0,  2,  Battleworn_Tree
P 962.7729, -196.2136, 408.6860,  0, 0, 240,  2,  Ao_the_Fourth_Born_(Missions)
P 975.4765, -203.0443, 409.0024,  0, 0, 240,  2,  Or`Sarro_the_Youngest_(Raid_Recruiter)
P -710.7537, 568.9872, 207.8846,  240, 0, 0,  2,  Skysmoke
P 563.0562, -421.0610, 403.1671,  240, 0, 0,  2,  The_Colossus_of_Skylance
P 57.1193, -473.6819, 403.4812,  0, 240, 0,  2,  Bones
