P 726.9957, -979.7808, -37.9000,  0, 0, 0,  2,  Magma_Infused_Crystal
P 330.0000, -1850.0000, 0.0000,  0, 0, 0,  3,  Wanderl_update_#5
P 860.0000, -1550.0000, 0.0000,  0, 0, 0,  3,  Wanderl_update_#4
P -681.0000, -792.0000, 0.0000,  0, 240, 240,  3,  Wanderl_update_#3
P -400.0000, -380.0000, 0.0000,  0, 240, 240,  3,  Wanderl_update_#2
P -60.0000, -1360.0000, 0.0000,  0, 240, 240,  3,  Wanderl_update_#1
P -3.0000, 348.0000, 7.0000,  0, 0, 0,  3,  Direwind_Cliffs
P 745.0000, -2076.0000, -185.0000,  0, 0, 0,  2,  Advisor_Neezin_D`rahl
P -422.0000, -907.0000, -90.0000,  127, 64, 0,  2,  Laila_the_Forgotten
P 661.7785, -1089.4663, 124.2297,  0, 0, 0,  3,  Overseer_Lhazetius
P -63.0000, -1441.0000, -157.0000,  127, 127, 0,  2,  Evyj's_Leap
