P 435.8243, -0.0030, -32.3477,  0, 0, 0,  3,  To_Plane_of_Knowledge
P -956.6879, -1800.7935, 14.4971,  0, 0, 240,  3,  (BARTER)
P 834.7745, -1800.7921, -15.2769,  240, 0, 0,  3,  (BAZAAR)
P -0.1203, -7.3639, 4.7221,  19, 39, 106,  3,  Merchants
P -183.2033, 298.4572, 29.4061,  19, 39, 106,  3,  Stables
P -304.5150, -84.9151, 29.3890,  0, 0, 240,  3,  Teleporter_to_Blue_Griffin_Hall
P 688.1736, -1425.0120, 29.4062,  240, 0, 0,  3,  Diamond
P 488.8769, -1250.6572, -32.3424,  240, 0, 0,  3,  Sapphire
P 621.4286, -928.3833, 29.4062,  240, 0, 0,  3,  Emerald
P 773.0109, -746.9164, -32.3424,  240, 0, 0,  3,  Ruby
P 1050.5298, -851.9554, 29.4062,  240, 0, 0,  3,  Platinum
P 1225.8239, -1001.0977, -32.3424,  240, 0, 0,  3,  Gold
P 1119.6091, -1283.7578, 29.4062,  240, 0, 0,  3,  Silver
P 970.1476, -1453.5139, -32.3424,  240, 0, 0,  3,  Copper
P -1120.6653, -1364.3409, 29.4062,  0, 0, 240,  3,  Diamond
P -1293.2316, -1210.2717, -32.3424,  0, 0, 240,  3,  Sapphire
P -1184.5713, -933.9235, 29.4062,  0, 0, 240,  3,  Emerald
P -1037.1882, -760.3718, -32.3424,  0, 0, 240,  3,  Ruby
P -758.6359, -865.2675, 29.4062,  0, 0, 240,  3,  Platinum
P -585.4968, -1016.0862, -32.3424,  0, 0, 240,  3,  Gold
P -689.0658, -1295.7872, 29.4062,  0, 0, 240,  3,  Silver
P -841.1628, -1464.0415, -32.3424,  0, 0, 240,  3,  Copper
P -956.6879, -1800.7935, 14.4971,  0, 0, 240,  3,  Hall_of_the_Blue_Griffin
P 834.7745, -1800.7921, -15.2769,  240, 0, 0,  3,  Hall_of_the_Red_Dragon
P -944.6535, -1104.1240, -1.4682,  0, 0, 0,  3,  Bankers
P 865.6888, -1104.1266, -1.4682,  0, 0, 0,  3,  Bankers
P -925.6053, -1175.6062, -1.4682,  0, 0, 0,  3,  Teleporter_to_Hub
P 887.8550, -1177.3535, -1.4682,  0, 0, 0,  3,  Teleporter_to_Hub
P 50.9771, -340.9450, 29.4061,  240, 0, 0,  3,  Teleporter_to_Red_Dragon_Hall
P 205.7874, -131.6947, -32.3425,  19, 33, 0,  3,  Loom
P 203.9728, -174.8410, -32.3425,  19, 33, 0,  3,  Pottery_Wheel
P 308.8572, -214.4682, -32.3425,  19, 33, 0,  3,  Oven
P 427.0119, -172.0118, -32.3425,  19, 33, 0,  3,  Forge
P 426.4219, -135.8511, -32.3425,  19, 33, 0,  3,  Forge
P -260.4703, 115.5134, 13.3054,  0, 0, 0,  3,  To_Nexus
P 384.7245, 103.9771, 0.3177,  0, 0, 0,  3,  To_Shadowhaven
P 385.7251, 198.6474, 0.5119,  0, 0, 0,  3,  To_Shadowhaven
P -133.1507, 255.4704, 29.4064,  19, 33, 0,  3,  Forge
P 329.7889, -215.4025, -32.3425,  19, 33, 0,  3,  Kiln
P 213.8826, -158.4334, -32.3425,  19, 33, 0,  3,  Kiln
