P -816.7323, 649.1824, -757.4323,  127, 0, 0,  1,  Girplan_Devourer
P -127.4177, 336.1596, -760.3253,  240, 240, 0,  1,  Tormented_Scout
P -1469.9719, -2112.9807, -867.0156,  127, 0, 0,  1,  Clergyman_Rexith
P -506.1610, 782.3657, -698.8786,  127, 0, 0,  1,  War_Caller_Kaavi
P 1078.6012, 640.0793, -941.5695,  240, 240, 0,  1,  Cryssa
P 1170.5548, -1159.2268, -792.7933,  127, 0, 0,  1,  Elite_Dragorn_Jekisia
P -1835.0000, -1961.0000, 0.0000,  240, 240, 240,  3,  Ruined_City_of_Dranik
P 1762.0000, -2160.0000, 0.0000,  240, 240, 240,  3,  Dranik's_Scar
P 1218.4388, 717.8313, -933.6393,  240, 240, 0,  1,  Barowsar
P 1200.1360, 754.0085, -933.6393,  240, 240, 0,  1,  Lenarsk
P 1140.7130, 566.6990, -942.5358,  240, 240, 0,  1,  Caller_Donivin
P 1261.6141, -136.3955, -925.9298,  240, 240, 0,  1,  Tarvash_Scriller
P -673.4126, 411.2780, -830.1094,  127, 0, 0,  1,  Slumbering_Beast
P 1519.2943, -1865.7843, -931.6115,  127, 0, 0,  1,  High_Priest_Wersin
P -1144.5264, -1843.8257, -867.8394,  127, 0, 0,  1,  Lieutenant_Lihad
P -1583.3562, -1376.5809, -867.0156,  127, 0, 0,  1,  Captain_Gherish
P -83.0622, -1749.1877, -894.5698,  127, 0, 0,  1,  a_reclusive_girplan
P -260.6555, -2247.0916, -864.3701,  240, 240, 240,  2,  Ruined_City_of_Dranik_-_Right_Click_Stones
P 176.5092, -530.8141, -571.9155,  240, 240, 0,  1,  The_Keeper
P -206.0537, 93.2943, -765.0518,  127, 0, 0,  1,  Girplan_Slasher
P -498.1792, 21.1161, -749.3986,  127, 0, 0,  1,  Girplan_Slasher
P -34.9363, 297.5277, -756.4801,  127, 0, 0,  1,  Girplan_Slasher
P -1118.6348, 191.6119, -760.8300,  127, 0, 0,  1,  Girplan_Slasher
P 855.0035, 128.1253, -943.0894,  127, 0, 0,  1,  The_Heavy_Burdened_Golem
P 1189.9349, 471.8172, -925.5324,  127, 0, 0,  1,  Kragsmash
P -732.0519, -454.7755, -927.7273,  0, 0, 0,  1,  a_soulstone_shard
