P -1245.3699, -510.6801, 23.6802,  240, 240, 240,  1,  Instanced_Zone
P -51.6820, -1028.9249, 121.3192,  240, 240, 240,  1,  Instanced_Zone
P 1847.0394, 1162.8175, -9.2369,  240, 240, 240,  2,  Lavastorm_Mtns
P -187.3943, 890.8552, 65.8732,  0, 0, 0,  1,  Wind_Stones
P 1050.9209, -328.8759, 25.0289,  0, 0, 0,  1,  Dirtdiggers
P 1489.7010, -568.3316, 30.6395,  0, 0, 0,  1,  Dirtdiggers
P 1217.3606, -297.2336, 37.5297,  0, 0, 0,  1,  Pillars
P 742.8775, -1282.0222, 66.0008,  0, 0, 0,  1,  Pillars
P 634.7238, -1278.3722, 32.5304,  0, 0, 0,  1,  Stone_Dervishes
P 1288.2107, -1201.9269, 51.8920,  240, 240, 240,  1,  Dragon_Statue_-_Desert
P 1466.1752, -959.3177, 67.8904,  0, 0, 0,  1,  Pillars
P 1324.5892, -1341.2474, 84.7723,  0, 0, 0,  1,  Pillars
P 973.9710, -1522.8040, 43.9854,  0, 0, 0,  1,  Dirtdiggers
P -132.5067, -1580.4446, 121.3217,  240, 240, 240,  2,  Stillmoon_Temple
P -1481.9109, -632.3329, 15.9507,  240, 240, 240,  1,  Dragon_Statue_-_Ice
P -1236.8959, -496.7563, 20.6964,  0, 0, 0,  1,  Frostfang_Drakes
P -1175.9410, -305.0327, 39.2943,  0, 0, 0,  1,  Frostflakes
P 878.9051, 1220.0587, 11.5355,  240, 240, 240,  2,  Lavaspinners_Lair
P -1674.3590, -1228.4901, 2.5690,  127, 64, 0,  1,  Waterfall
P -1632.1442, 878.3342, 32.6624,  240, 240, 240,  1,  Dragon_Statue_-_Swamp
P -867.5822, 1001.3499, 19.3362,  127, 0, 0,  1,  Brood_Drones
P 852.5043, -793.6232, 34.2883,  240, 240, 240,  2,  Thundercrest_Isles
P 1641.0560, -902.8762, 77.8250,  240, 240, 240,  1,  Instanced_Zone
P -684.7564, -1601.0552, 50.4258,  240, 240, 240,  1,  Instanced_Zone
P 1283.8236, 524.1748, 67.1003,  240, 240, 240,  1,  Dragon_Statue
P 527.5909, 1002.7333, 78.6274,  0, 0, 0,  1,  a_decaying_corpse
P -1399.0817, 302.0398, 22.3497,  127, 0, 0,  1,  The_Broodqueen
P 1497.7472, 1798.8584, 149.0357,  240, 240, 240,  1,  instanced_Zone
P 839.5789, -841.5681, 33.3237,  0, 0, 0,  1,  Earth_Stone
P 586.5594, 1043.2590, 71.9310,  0, 0, 0,  1,  Fire_Stones
P -1275.4164, -548.1956, 25.0978,  0, 0, 0,  1,  Water_Stones
