P 181.0000, -3117.0000, 0.3135,  0, 0, 0,  3,  to_Kaladim_City
P -3181.0000, -852.0000, 8.2197,  0, 0, 0,  3,  Dock_(Shuttles)
P -3261.0000, -1351.0000, 8.2197,  0, 0, 0,  3,  Dock_(Boat)
P -2813.0000, -1461.0000, -3.2960,  0, 0, 0,  3,  Parn_(Merchant)
P -2872.0000, 1499.0000, -3.6884,  0, 0, 0,  3,  Fugan_(Tailor)
P -2012.0000, 2102.0000, 23.9101,  0, 0, 0,  3,  Druid_Circle
P -2005.0000, 2082.0000, -3.9290,  0, 0, 0,  3,  Ellona_(Spells)
P 1956.0000, 1184.0000, -2.0560,  0, 0, 0,  3,  Alga_(Tailor)
P 1993.0000, 1308.0000, -1.9554,  0, 0, 0,  3,  Gand_(Armorer)
P 1971.0000, 1286.0000, -2.9869,  0, 0, 0,  3,  Izbal_(Pottery)
P 681.0000, -2833.0000, 8.2697,  0, 0, 0,  3,  Inudul_(Brewer)
P 882.0000, -2790.0000, -2.1604,  0, 0, 0,  3,  Urazun_(Baking)
P 903.0000, -2802.0000, 8.4880,  0, 0, 0,  3,  Iglan_(Merchant)
P 963.0000, -2713.0000, -2.0554,  0, 0, 0,  3,  Nalda_(Smith)
P 940.0000, -2714.0000, 8.5930,  0, 0, 0,  3,  Gamin_(Merchant)
P 676.0000, -2820.0000, -2.3788,  0, 0, 0,  3,  Ayen_(Smith)
P 696.0000, -2791.0000, -2.3788,  0, 0, 0,  3,  Kaila_(Smith)
P -2379.0000, -125.0000, -3.0927,  0, 0, 0,  3,  Felen_(Merchant)
P 517.0000, -1744.0000, -3.0927,  0, 0, 0,  3,  Knowledge_Portal
P 331.0000, 2950.0000, 0.3135,  0, 0, 0,  3,  to_Dagnor's_Cauldron
P 3061.0000, 1316.0000, 0.3135,  0, 0, 0,  3,  to_Greater_Faydark
