P 444.8118, 261.3372, 0.0010,  0, 0, 0,  3,  to_Swamp_of_No_Hope
P 641.0224, 73.6604, 0.0010,  0, 0, 0,  3,  to_Swamp_of_No_Hope
P -286.0752, 69.2839, 1.0010,  0, 0, 0,  3,  to_Western_Cabilis
P 414.9793, -1355.2513, 0.0010,  0, 0, 0,  3,  to_Field_of_Bone
P 28.0000, 620.0000, 0.0010,  0, 0, 0,  3,  Ygen_(Weapons)
P 7.0000, 639.0000, 0.0010,  0, 0, 0,  3,  Phlegyl_(Armor)
P 125.0000, 658.0000, 17.0010,  0, 0, 0,  3,  Eator_(GM_Warrior)
P 83.5560, -49.9194, -1.9990,  0, 0, 0,  3,  Loom
P 133.0000, -53.0000, -1.5555,  0, 0, 0,  3,  Scaznar_(Armor)
P 97.0038, -1134.0000, -27.9990,  0, 0, 0,  3,  Vizaroth_(Spells)
P 47.0037, -1081.0000, -27.5555,  0, 0, 0,  3,  Dexl_(GM_Shaman)
P 105.0000, -1000.0000, 41.9697,  0, 0, 0,  3,  Gristle_(Spells)
P 293.0000, -1149.0000, -27.9981,  0, 0, 0,  3,  Vessel_(Spells)
P 260.0000, -1126.0000, -27.9977,  0, 0, 0,  3,  Grazik_(Spells)
P 266.0000, -1000.0000, 41.9697,  0, 0, 0,  3,  Rygle_(Spells)
P 189.0000, -1026.0000, 55.9697,  0, 0, 0,  3,  Zreezas_(Spells)
P 173.0000, -1062.0000, 41.9697,  0, 0, 0,  3,  Korzin_(GM_Shadow_Knight)
P -8.0000, 512.0000, 55.9697,  0, 0, 0,  3,  Zern_(Smith)
P 7.0000, 525.0000, 55.9697,  0, 0, 0,  3,  Qag_(Weapons)
P 25.5625, 531.0633, 55.9697,  0, 0, 0,  3,  Forge
P -21.0000, 541.0000, 55.9697,  0, 0, 0,  3,  Xzatik_(Smith)
P -37.0000, 527.0000, 55.9697,  0, 0, 0,  3,  Bashdyn_(Armor)
P -30.0000, 455.0000, 55.9697,  0, 0, 0,  3,  Vygan_(GM_Warrior)
P 317.0000, 425.0000, 28.0010,  0, 0, 0,  3,  Kyg_(GM_Warrior)
P 311.0000, 508.0000, 28.0010,  0, 0, 0,  3,  Granthrow_(Weapons)
P 242.0000, 596.0000, 0.0010,  0, 0, 0,  3,  Kobl_(Merchant)
P 202.0000, 437.0000, 0.0010,  0, 0, 0,  3,  Krikt_(Smith)
P 215.0000, 427.0000, 0.0010,  0, 0, 0,  3,  Vyx_(Smith)
P 33.0000, 432.0000, 0.0010,  0, 0, 0,  3,  Grugl_(Weapons)
P 34.8212, 377.6646, 0.0010,  0, 0, 0,  3,  Forge
P 124.0000, 248.0000, 28.0010,  0, 0, 0,  3,  Dal_(GM_Warrior)
P 8.0000, -58.0000, -1.5170,  0, 0, 0,  3,  Vednir_(Merchant)
P 9.0000, -128.0000, -1.5555,  0, 0, 0,  3,  Stitch_(Tailor)
P 19.0000, -142.0000, -1.7574,  0, 0, 0,  3,  Tempar_(Armor)
P 127.0000, -129.0000, -1.9990,  0, 0, 0,  3,  Ephmir_(Merchant)
P 204.0000, -143.0000, -1.5555,  0, 0, 0,  3,  Gogon_(Fletcher)
P 201.0000, -123.0000, -1.5555,  0, 0, 0,  3,  Foxmyr_(Merchant)
P 197.0000, -51.0000, -1.5555,  0, 0, 0,  3,  Dytar_(Merchant)
P 298.0000, -93.0000, -1.5555,  0, 0, 0,  3,  Wartol_(Tailor)
P 303.0000, -190.0000, -1.5555,  0, 0, 0,  3,  Toren_(Smith)
P 315.8712, -219.9071, -1.9990,  0, 0, 0,  3,  Forge
P 290.0000, -239.0000, -1.9990,  0, 0, 0,  3,  Nalgoz_(Smith)
P 275.0000, -239.0000, -1.5555,  0, 0, 0,  3,  Grots_(Pottery)
P 195.1629, -232.4904, -1.9990,  0, 0, 0,  3,  Pottery_Wheel
P 218.6514, -259.5941, -1.9990,  0, 0, 0,  3,  Kiln
P 202.0000, -253.0000, -1.5555,  0, 0, 0,  3,  Hoga_(Pottery)
P 469.0000, -450.0000, -0.5555,  0, 0, 0,  3,  Wyga_(Merchant)
P 215.0000, -386.0000, 2.0010,  0, 0, 0,  3,  Mugruk_(Armor)
P 51.0000, -285.0000, 1.0010,  0, 0, 0,  3,  Bain_(GM_Monk)
P -37.0000, -458.0000, 1.0010,  0, 0, 0,  3,  Niska_(GM_Monk)
P -122.0000, -387.0000, 4.0010,  0, 0, 0,  3,  Raska_(GM_Monk)
P -48.0000, -351.0000, 1.0010,  0, 0, 0,  3,  Chronicler_(Merchant)
P -11.0000, -348.0000, 1.0010,  0, 0, 0,  3,  Rastok_(Weapons)
P 30.0000, -420.0000, 3.0010,  0, 0, 0,  3,  Glox_(GM_Monk)
P 12.6281, -685.5523, -1.9990,  0, 0, 0,  3,  Brew_Barrel
P -147.5141, -522.2188, 2.0010,  0, 0, 0,  3,  Oven
P -159.0000, -551.0000, 2.0010,  0, 0, 0,  3,  Sweetzie_(Baking)
P -162.0000, -531.0000, 2.0010,  0, 0, 0,  3,  Unlar_(Baking)
P -158.0000, -593.0000, 2.0010,  0, 0, 0,  3,  Gritchit_(Baking)
P -157.0000, -638.0000, 2.0010,  0, 0, 0,  3,  Oxmod_(Jewelry)
P -156.0000, -659.0000, 2.0010,  0, 0, 0,  3,  Ixmid_(Gems)
P -45.0000, -708.0000, -13.9990,  0, 0, 0,  3,  Margar_(Bank)
P -64.0000, -707.0000, -13.9990,  0, 0, 0,  3,  Rakra_(Bank)
P 26.0000, -678.0000, -1.9990,  0, 0, 0,  3,  Prixal_(Brewer)
P 38.0000, -667.0000, -1.5555,  0, 0, 0,  3,  Sass_(Brewer)
P 27.0000, -720.0000, 0.0010,  0, 0, 0,  3,  Shakar_(Soulbinder)
P 195.0000, -783.0000, 14.0010,  0, 0, 0,  3,  Granix_(GM_Shaman)
P 189.0000, -1014.0000, 69.9697,  0, 0, 0,  3,  Xog_(GM_Shadow_Knight)
P 205.0000, -1059.0000, 41.9697,  0, 0, 0,  3,  Vuzx_(GM_Beastlord)
P 151.0000, -1005.0000, 41.9697,  0, 0, 0,  3,  Qyzar_(GM_Shadow_Knight)
P 214.2293, -1032.1123, 15.0010,  0, 0, 0,  3,  Spell_Merchants
P 189.0000, -1044.0000, 18.0010,  0, 0, 0,  3,  Vek_(GM_Shaman)
P 610.1489, -1164.6454, 0.0010,  0, 0, 0,  3,  to_Field_of_Bone
