P -656.8753, -172.2843, 1.2378, 0, 0, 0, 3, Lithriss_(Spells)
P -755.2595, -329.6978, 42.8920, 0, 0, 0, 3, Visar_(Gems)
P -511.1243, 36.1085, -0.4659, 0, 0, 0, 3, Jondin_(Potions)
P -254.1036, 453.0352, 0.4751, 0, 0, 0, 3, Pain_(Spells)
P -235.3403, 443.4455, 0.7131, 0, 0, 0, 3, Rott_(Spells)
P -229.0000, 412.0000, 0.0010, 0, 0, 0, 3, Pestilence_(Spells)
P -233.2841, 391.7220, 1.0354, 0, 0, 0, 3, Plight_(Spells)
P -253.0000, 379.0000, -0.9990, 0, 0, 0, 3, Bile_(Spells)
P -514.0257, -404.3263, 1.0884, 0, 0, 0, 3, Klok_(Alchemy)
P -778.0000, -317.0000, 72.9697, 0, 0, 0, 3, Necromancer_Guild
P -536.0000, 88.0000, -12.9990, 0, 0, 0, 3, Sartar_(GM_Monk)
P 118.0000, 343.0000, -55.9677, 0, 0, 0, 3, Marthor_(GM_Monk)
P -374.5298, 539.0927, 4.0010, 0, 0, 0, 3, Arena
P -321.9537, 74.9332, 8.3037, 0, 0, 0, 3, to_East_Cabilis
P -1310.7460, -667.2621, 0.0010, 0, 0, 0, 3, to_Warslik's_Woods
P -1128.4561, -855.1475, 0.0010, 0, 0, 0, 3, to_Warslik's_Woods
P -767.0000, 783.0000, 0.0010, 0, 0, 0, 3, to_Lake_of_ill_Omen
P -559.5634, 974.3664, 0.0010, 0, 0, 0, 3, to_Lake_of_ill_Omen
