L 505.0000, -55.4542, 18.0020,  559.0000, -55.4540, 18.0020,  0, 0, 127
L 714.2343, -232.4209, 10.4667,  716.2334, -203.7141, 0.4978,  0, 0, 127
L 15.9027, -52.0000, 10.0000,  52.0000, -52.0000, 10.0000,  0, 0, 127
L 52.0000, -52.0000, 10.0000,  52.0000, -16.0000, 10.0000,  0, 0, 127
L 52.0000, -16.0000, 10.0000,  71.0000, -16.0000, 10.0000,  0, 0, 127
L 71.0000, 16.0000, 10.0000,  52.0000, 16.0000, 10.0000,  0, 0, 127
L 52.0000, 16.0000, 10.0000,  52.0000, 52.0000, 10.0000,  0, 0, 127
L 52.0000, 52.0000, 10.0000,  16.0000, 52.0000, 10.0000,  0, 0, 127
L 16.0000, 52.0000, 10.0000,  17.0000, 67.0000, 10.0000,  0, 0, 127
L 17.0000, 67.0000, 10.0000,  13.0000, 71.0000, 10.0000,  0, 0, 0
L -17.0000, 59.0000, 10.0000,  -16.0000, 55.0000, 10.0000,  0, 0, 127
L -16.0000, 55.0000, 10.0000,  -16.0000, 52.0000, 10.0000,  0, 0, 127
L -16.0000, 52.0000, 10.0000,  -52.0000, 52.0000, 10.0000,  0, 0, 127
L -52.0000, 52.0000, 10.0000,  -52.0000, 16.0000, 10.0000,  0, 0, 127
L -52.0000, 16.0000, 10.0000,  -66.5000, 16.0000, 10.0000,  0, 0, 127
L -67.6667, -16.0000, 10.0000,  -52.0000, -16.0000, 10.0000,  0, 0, 127
L -52.0000, -16.0000, 10.0000,  -52.0000, -52.0000, 10.0000,  0, 0, 127
L -52.0000, -52.0000, 10.0000,  -17.0000, -52.0000, 10.0000,  0, 0, 127
L 37.0000, -37.0000, 10.0000,  -36.0000, -37.0000, 10.0000,  127, 0, 0
L -36.0000, -37.0000, 10.0000,  -37.0000, 36.0000, 10.0000,  127, 0, 0
L -37.0000, 36.0000, 10.0000,  37.0000, 36.0000, 10.0000,  127, 0, 0
L 37.0000, 36.0000, 10.0000,  37.0000, -37.0000, 10.0000,  127, 0, 0
L 71.0000, 16.0000, 100.0000,  71.0000, -16.0000, 10.0000,  0, 0, 127
L -16.0000, -111.0000, 100.0000,  -16.0000, -160.0000, 10.0000,  0, 0, 127
L -16.0000, -160.0000, 10.0000,  -5.0000, -161.0000, 10.0000,  0, 0, 127
L -5.0000, -161.0000, 10.0000,  -5.0000, -172.0000, 10.0000,  0, 0, 127
L -5.0000, -172.0000, 10.0000,  -16.0000, -173.0000, 10.0000,  0, 0, 127
L -16.0000, -173.0000, 10.0000,  -16.0000, -214.0000, 10.0000,  0, 0, 127
L -16.0000, -214.0000, 10.0000,  16.0000, -214.0000, 10.0000,  0, 0, 127
L 16.0000, -214.0000, 10.0000,  16.0000, -206.0000, 10.0000,  0, 0, 127
L 16.0000, -206.0000, 10.0000,  36.0000, -206.0000, 10.0000,  0, 0, 127
L 36.0000, -206.0000, 10.0000,  37.0000, -215.0000, 10.0000,  0, 0, 127
L 37.0000, -215.0000, 10.0000,  54.0000, -232.0000, 10.0000,  0, 0, 127
L 54.0000, -232.0000, 10.0000,  88.0000, -232.0000, 10.0000,  0, 0, 127
L 88.0000, -232.0000, 10.0000,  88.0000, -207.0000, 10.0000,  0, 0, 127
L 88.0000, -163.0000, 100.0000,  54.0000, -163.0000, 10.0000,  0, 0, 127
L 54.0000, -163.0000, 10.0000,  37.0000, -180.0000, 10.0000,  0, 0, 127
L 37.0000, -180.0000, 10.0000,  37.0000, -189.0000, 10.0000,  0, 0, 127
L 37.0000, -189.0000, 10.0000,  17.0000, -189.0000, 10.0000,  0, 0, 127
L 17.0000, -189.0000, 10.0000,  16.0000, -173.0000, 10.0000,  0, 0, 127
L 16.0000, -173.0000, 10.0000,  5.0000, -172.0000, 10.0000,  0, 0, 127
L 5.0000, -172.0000, 10.0000,  5.0000, -161.0000, 10.0000,  0, 0, 127
L 5.0000, -161.0000, 10.0000,  6.0000, -160.0000, 10.0000,  0, 0, 0
L 6.0000, -160.0000, 10.0000,  16.0000, -160.0000, 10.0000,  0, 0, 127
L 16.0000, -160.0000, 10.0000,  16.0000, -110.0000, 10.0000,  0, 0, 127
L 107.0000, -204.0000, 100.0000,  89.0000, -206.0000, 10.0000,  0, 0, 127
L 88.0000, -189.0000, 100.0000,  107.0000, -191.0000, 10.0000,  0, 0, 127
L 109.0000, -181.0000, 100.0000,  142.0000, -181.0000, 10.0000,  0, 0, 127
L 142.0000, -181.0000, 10.0000,  142.0000, -304.0000, 10.0000,  0, 0, 127
L 142.0000, -304.0000, 10.0000,  23.0000, -304.0000, 10.0000,  0, 0, 127
L 16.0000, -296.3530, 10.0000,  16.0000, -466.0000, 10.0000,  0, 0, 127
L 16.0000, -466.0000, 10.0000,  -162.0000, -466.0000, 10.0000,  0, 0, 127
L -162.0000, -466.0000, 10.0000,  -163.0000, -467.0000, 10.0000,  0, 0, 0
L -163.0000, -467.0000, 10.0000,  -162.0110, -540.1812, 10.0000,  0, 0, 127
L -163.0000, -574.0000, 10.0000,  -196.0000, -574.0000, 10.0000,  0, 0, 127
L -196.0000, -574.0000, 10.0000,  -196.0000, -433.0000, 10.0000,  0, 0, 127
L -196.0000, -433.0000, 10.0000,  -160.0000, -432.0000, 10.0000,  0, 0, 127
L -160.0000, -432.0000, 10.0000,  -160.0000, -376.0000, 10.0000,  0, 0, 127
L -160.0000, -376.0000, 10.0000,  -164.0000, -376.0000, 10.0000,  0, 0, 127
L -164.0000, -376.0000, 10.0000,  -165.0000, -374.0000, 10.0000,  0, 0, 127
L -165.0000, -374.0000, 10.0000,  -177.0000, -374.0000, 10.0000,  0, 0, 127
L -177.0000, -374.0000, 10.0000,  -177.0000, -376.0000, 10.0000,  0, 0, 127
L -177.0000, -376.0000, 10.0000,  -181.0000, -376.0000, 10.0000,  0, 0, 127
L -181.0000, -376.0000, 10.0000,  -181.0000, -394.0000, 10.0000,  0, 0, 127
L -181.0000, -394.0000, 10.0000,  -214.0000, -394.0000, 10.0000,  0, 0, 127
L -214.0000, -394.0000, 10.0000,  -214.0000, -325.0000, 10.0000,  0, 0, 127
L -214.0000, -325.0000, 10.0000,  -181.0000, -325.0000, 10.0000,  0, 0, 127
L -181.0000, -325.0000, 10.0000,  -181.0000, -360.0000, 10.0000,  0, 0, 127
L -181.0000, -360.0000, 10.0000,  -178.0000, -361.0000, 10.0000,  0, 0, 127
L -178.0000, -361.0000, 10.0000,  -177.0000, -361.0000, 10.0000,  0, 0, 127
L -177.0000, -361.0000, 10.0000,  -175.9048, -363.1905, 10.0000,  0, 0, 127
L -175.9048, -363.1905, 10.0000,  -164.0000, -362.0000, 10.0000,  0, 0, 127
L -164.0000, -362.0000, 10.0000,  -164.0000, -361.0000, 10.0000,  0, 0, 127
L -164.0000, -361.0000, 10.0000,  -160.0000, -360.0000, 10.0000,  0, 0, 127
L -160.0000, -360.0000, 10.0000,  -160.0000, -289.0000, 10.0000,  0, 0, 127
L -160.0000, -289.0000, 10.0000,  -121.5833, -289.0000, 10.0000,  0, 0, 127
L -123.3333, -268.0000, 10.0000,  -142.0000, -268.0000, 10.0000,  0, 0, 127
L -142.0000, -268.0000, 10.0000,  -142.0000, -235.0000, 10.0000,  0, 0, 127
L -142.0000, -235.0000, 10.0000,  -91.0000, -235.0000, 10.0000,  0, 0, 127
L -91.0000, -235.0000, 10.0000,  -91.0000, -268.0000, 10.0000,  0, 0, 127
L -91.0000, -268.0000, 10.0000,  -111.7000, -268.0000, 10.0000,  0, 0, 127
L -111.7000, -268.0000, 10.0000,  -109.6000, -289.0000, 10.0000,  0, 0, 127
L -109.6000, -289.0000, 10.0000,  -16.0000, -289.0000, 10.0000,  0, 0, 127
L -16.0000, -289.0000, 10.0000,  -16.0000, -271.0000, 10.0000,  0, 0, 127
L -16.0000, -271.0000, 10.0000,  -2.0000, -271.0000, 10.0000,  0, 0, 127
L -2.0000, -271.0000, 100.0000,  -2.0000, -289.0000, 10.0000,  0, 0, 127
L -2.0000, -289.0000, 10.0000,  23.0000, -289.0000, 10.0000,  0, 0, 127
L 23.0000, -271.0000, 100.0000,  109.0000, -271.0000, 10.0000,  0, 0, 127
L 109.0000, -271.0000, 10.0000,  109.0000, -181.0000, 10.0000,  0, 0, 127
L -16.0000, -322.0000, 10.0000,  -16.0000, -340.0000, 10.0000,  0, 0, 127
L -16.0000, -340.0000, 10.0000,  -4.9000, -345.5500, 10.0000,  0, 0, 127
L -4.9000, -345.5500, 10.0000,  -3.0339, -355.8135, 10.0000,  0, 0, 127
L -3.0339, -355.8135, 10.0000,  -16.0000, -361.0000, 10.0000,  0, 0, 127
L -16.0000, -361.0000, 10.0000,  -16.0000, -433.0000, 10.0000,  0, 0, 127
L -16.0000, -433.0000, 10.0000,  -126.0000, -433.0000, 10.0000,  0, 0, 127
L -126.0000, -433.0000, 10.0000,  -127.0000, -432.0000, 10.0000,  0, 0, 0
L -127.0000, -432.0000, 10.0000,  -127.0000, -376.0000, 10.0000,  0, 0, 127
L -127.0000, -376.0000, 10.0000,  -123.0000, -376.0000, 10.0000,  0, 0, 127
L -123.0000, -376.0000, 10.0000,  -122.0000, -374.0000, 10.0000,  0, 0, 127
L -122.0000, -374.0000, 10.0000,  -111.0000, -374.0000, 10.0000,  0, 0, 127
L -111.0000, -374.0000, 10.0000,  -110.0000, -376.0000, 10.0000,  0, 0, 127
L -110.0000, -376.0000, 10.0000,  -106.0000, -376.0000, 10.0000,  0, 0, 127
L -106.0000, -376.0000, 10.0000,  -106.0000, -394.0000, 10.0000,  0, 0, 127
L -106.0000, -394.0000, 10.0000,  -73.0000, -394.0000, 10.0000,  0, 0, 127
L -73.0000, -394.0000, 10.0000,  -73.0000, -343.0000, 10.0000,  0, 0, 127
L -73.0000, -343.0000, 10.0000,  -106.0000, -343.0000, 10.0000,  0, 0, 127
L -106.0000, -343.0000, 10.0000,  -107.0000, -361.0000, 10.0000,  0, 0, 127
L -107.0000, -361.0000, 10.0000,  -110.0000, -361.0000, 10.0000,  0, 0, 127
L -110.0000, -361.0000, 10.0000,  -111.0000, -363.0000, 10.0000,  0, 0, 127
L -111.0000, -363.0000, 10.0000,  -122.0000, -363.0000, 10.0000,  0, 0, 127
L -122.0000, -363.0000, 10.0000,  -123.0000, -362.0000, 10.0000,  0, 0, 127
L -123.0000, -362.0000, 10.0000,  -123.0000, -361.0000, 10.0000,  0, 0, 127
L -123.0000, -361.0000, 10.0000,  -127.0000, -361.0000, 10.0000,  0, 0, 127
L -127.0000, -361.0000, 10.0000,  -127.0000, -322.0000, 10.0000,  0, 0, 127
L -127.0000, -322.0000, 10.0000,  -16.0000, -322.0000, 10.0000,  0, 0, 127
L -121.5833, -289.0000, 100.0000,  -123.3333, -268.0000, 10.0000,  0, 0, 127
L 88.0000, -188.0000, 100.0000,  88.0000, -163.0000, 10.0000,  0, 0, 127
L 16.0000, -110.0000, 10.0000,  13.0000, -107.0000, 10.0000,  0, 0, 127
L 13.0000, -107.0000, 10.0000,  13.0000, -71.0000, 10.0000,  0, 0, 127
L 13.0000, -71.0000, 10.0000,  16.6023, -67.3977, 10.0000,  0, 0, 127
L -16.0000, -111.0000, 10.0000,  -12.0000, -107.0000, 10.0000,  0, 0, 127
L -12.0000, -107.0000, 10.0000,  -12.0000, -72.0000, 10.0000,  0, 0, 127
L -12.0000, -72.0000, 10.0000,  -17.0000, -67.0000, 10.0000,  0, 0, 127
L -17.0000, -67.0000, 10.0000,  -17.0000, -52.0000, 10.0000,  0, 0, 127
L 23.0000, -271.0000, 100.0000,  23.0000, -289.0000, 10.0000,  0, 0, 127
L 16.0000, 160.0000, 100.0000,  17.3514, 111.3513, 10.0000,  0, 0, 127
L 16.0000, 160.0000, 100.0000,  5.0000, 161.0000, 10.0000,  0, 0, 127
L 5.0000, 161.0000, 10.0000,  5.0000, 173.0000, 10.0000,  0, 0, 127
L 5.0000, 173.0000, 10.0000,  16.0000, 173.0000, 10.0000,  0, 0, 127
L 16.0000, 173.0000, 10.0000,  17.0000, 189.0000, 10.0000,  0, 0, 127
L 17.0000, 189.0000, 10.0000,  37.0000, 188.0000, 10.0000,  0, 0, 127
L 37.0000, 188.0000, 10.0000,  37.0000, 180.0000, 10.0000,  0, 0, 127
L 37.0000, 180.0000, 10.0000,  54.0000, 163.0000, 10.0000,  0, 0, 127
L 54.0000, 163.0000, 10.0000,  88.0000, 163.0000, 10.0000,  0, 0, 127
L 88.0000, 163.0000, 10.0000,  88.0000, 190.0000, 10.0000,  0, 0, 127
L 88.0000, 206.1176, 100.0000,  88.0000, 232.0000, 10.0000,  0, 0, 127
L 88.0000, 232.0000, 10.0000,  54.0000, 232.0000, 10.0000,  0, 0, 127
L 54.0000, 232.0000, 10.0000,  37.0000, 215.0000, 10.0000,  0, 0, 127
L 37.0000, 215.0000, 10.0000,  36.0000, 206.0000, 10.0000,  0, 0, 127
L 36.0000, 206.0000, 10.0000,  16.0000, 206.0000, 10.0000,  0, 0, 127
L 16.0000, 206.0000, 10.0000,  16.0000, 214.0000, 10.0000,  0, 0, 127
L 16.0000, 214.0000, 10.0000,  -16.0000, 214.0000, 10.0000,  0, 0, 127
L -16.0000, 214.0000, 10.0000,  -16.0000, 173.0000, 10.0000,  0, 0, 127
L -16.0000, 173.0000, 10.0000,  -5.0000, 172.0000, 10.0000,  0, 0, 127
L -5.0000, 172.0000, 10.0000,  -6.0000, 160.0000, 10.0000,  0, 0, 127
L -6.0000, 160.0000, 10.0000,  -16.0000, 160.0000, 10.0000,  0, 0, 127
L -16.0000, 160.0000, 10.0000,  -16.0000, 111.0000, 10.0000,  0, 0, 127
L 88.0000, 190.0000, 100.0000,  107.0000, 191.0000, 10.0000,  0, 0, 127
L 107.0000, 203.8823, 100.0000,  88.0000, 206.1176, 10.0000,  0, 0, 127
L 107.0000, 191.0000, 100.0000,  107.0000, 203.8823, 10.0000,  0, 0, 127
L 109.0000, 163.0000, 100.0000,  142.0000, 163.0000, 10.0000,  0, 0, 127
L 142.0000, 163.0000, 10.0000,  142.0000, 286.0000, 10.0000,  0, 0, 127
L 109.0000, 163.0000, 100.0000,  109.0000, 253.0000, 10.0000,  0, 0, 127
L 109.0000, 253.0000, 100.0000,  19.0000, 253.0000, 10.0000,  0, 0, 127
L 19.0000, 253.0000, 10.0000,  19.0000, 265.0000, 10.0000,  0, 0, 127
L -1.0000, 253.0000, 100.0000,  -71.0000, 253.0000, 10.0000,  0, 0, 127
L -71.0000, 253.0000, 10.0000,  -143.0000, 289.0000, 10.0000,  0, 0, 127
L -143.0000, 289.0000, 10.0000,  -163.0000, 270.0000, 10.0000,  0, 0, 127
L -163.0000, 270.0000, 10.0000,  -163.0000, 251.0000, 10.0000,  0, 0, 127
L -163.0000, 251.0000, 10.0000,  -162.0000, 250.0000, 10.0000,  0, 0, 0
L -162.0000, 250.0000, 10.0000,  -134.8417, 242.3957, 10.0000,  0, 0, 127
L -134.8417, 242.3957, 10.0000,  -145.0000, 217.0000, 10.0000,  0, 0, 127
L -145.0000, 217.0000, 10.0000,  -161.0000, 217.0000, 10.0000,  0, 0, 127
L -161.0000, 217.0000, 10.0000,  -178.0000, 234.0000, 10.0000,  0, 0, 127
L -178.0000, 234.0000, 10.0000,  -179.0000, 253.0000, 10.0000,  0, 0, 127
L -179.0000, 253.0000, 10.0000,  -232.0000, 306.0000, 10.0000,  0, 0, 127
L -232.0000, 306.0000, 10.0000,  -232.0000, 323.0000, 10.0000,  0, 0, 127
L -232.0000, 323.0000, 10.0000,  -214.0000, 358.0000, 10.0000,  0, 0, 127
L -214.0000, 358.0000, 10.0000,  -196.0000, 358.0000, 10.0000,  0, 0, 127
L -198.6986, 342.7662, 10.0000,  -217.5340, 317.2039, 10.0000,  0, 0, 127
L -217.5340, 317.2039, 10.0000,  -216.0000, 308.0000, 10.0000,  0, 0, 127
L -216.0000, 308.0000, 10.0000,  -180.0000, 286.0000, 10.0000,  0, 0, 127
L -180.0000, 286.0000, 10.0000,  -178.0000, 286.0000, 10.0000,  0, 0, 127
L -178.0000, 286.0000, 10.0000,  -143.0864, 303.4568, 10.0000,  0, 0, 127
L -143.0864, 303.4568, 10.0000,  -107.0000, 282.0000, 10.0000,  0, 0, 127
L -107.0000, 282.0000, 10.0000,  -101.0000, 282.0000, 10.0000,  0, 0, 127
L -101.0000, 282.0000, 10.0000,  -89.5792, 285.4262, 10.0000,  0, 0, 127
L -89.5792, 285.4262, 10.0000,  -76.8000, 268.0000, 10.0000,  0, 0, 127
L -76.8000, 268.0000, 10.0000,  -70.0000, 268.0000, 10.0000,  0, 0, 127
L -70.0000, 268.0000, 10.0000,  -70.0000, 286.0000, 10.0000,  0, 0, 127
L -70.0000, 286.0000, 10.0000,  -52.0000, 286.0000, 10.0000,  0, 0, 127
L -52.0000, 286.0000, 10.0000,  -52.0000, 417.0000, 10.0000,  0, 0, 127
L -52.0000, 417.0000, 100.0000,  -57.0000, 417.0000, 10.0000,  0, 0, 127
L -57.0000, 417.0000, 10.0000,  -60.0000, 417.0000, 10.0000,  0, 0, 127
L -60.0000, 417.0000, 10.0000,  -61.0000, 415.0000, 10.0000,  0, 0, 127
L -73.0000, 414.8620, 10.0000,  -73.0000, 379.0000, 10.0000,  0, 0, 127
L -73.0000, 379.0000, 10.0000,  -127.0000, 379.0000, 10.0000,  0, 0, 127
L -127.0000, 379.0000, 10.0000,  -127.0000, 342.7667, 10.0000,  0, 0, 127
L -196.0000, 358.0000, 100.0000,  -196.0000, 394.9524, 10.0000,  0, 0, 127
L -89.0771, 451.0000, 10.0000,  -92.0000, 451.0000, 10.0000,  0, 0, 127
L -92.0000, 451.0000, 10.0000,  -94.0000, 453.0000, 10.0000,  0, 0, 127
L -94.0000, 453.0000, 10.0000,  -104.0000, 453.0000, 10.0000,  0, 0, 127
L -104.0000, 453.0000, 10.0000,  -105.0000, 451.0000, 10.0000,  0, 0, 127
L -105.0000, 451.0000, 100.0000,  -108.0000, 451.0000, 10.0000,  0, 0, 127
L -108.0000, 451.0000, 10.0000,  -126.0000, 433.0000, 10.0000,  0, 0, 127
L -126.0000, 433.0000, 10.0000,  -160.0000, 433.0000, 10.0000,  0, 0, 127
L -160.0000, 433.0000, 10.0000,  -160.0000, 484.0000, 10.0000,  0, 0, 127
L -160.0000, 484.0000, 10.0000,  -126.0000, 484.0000, 10.0000,  0, 0, 127
L -126.0000, 484.0000, 10.0000,  -108.0000, 466.0000, 10.0000,  0, 0, 127
L -108.0000, 466.0000, 10.0000,  -105.0000, 466.0000, 10.0000,  0, 0, 127
L -105.0000, 466.0000, 10.0000,  -105.0000, 464.0000, 10.0000,  0, 0, 127
L -105.0000, 464.0000, 10.0000,  -92.0000, 464.0000, 10.0000,  0, 0, 127
L -92.0000, 464.0000, 10.0000,  -92.0000, 466.0000, 10.0000,  0, 0, 127
L -92.0000, 466.0000, 10.0000,  -88.0000, 466.0000, 10.0000,  0, 0, 127
L -88.0000, 466.0000, 10.0000,  -88.0000, 558.9999, 10.0000,  0, 0, 127
L -88.0000, 558.9999, 10.0000,  -92.0000, 559.0000, 10.0000,  0, 0, 127
L -92.0000, 559.0000, 10.0000,  -92.0000, 560.7424, 10.0000,  0, 0, 127
L -105.0000, 560.9686, 10.0000,  -105.0000, 559.0000, 10.0000,  0, 0, 127
L -105.0000, 559.0000, 10.0000,  -108.0000, 559.0000, 10.0000,  0, 0, 127
L -108.0000, 559.0000, 10.0000,  -126.0000, 541.0000, 10.0000,  0, 0, 127
L -126.0000, 541.0000, 10.0000,  -160.0000, 541.0000, 10.0000,  0, 0, 127
L -160.0000, 541.0000, 10.0000,  -160.0000, 592.0000, 10.0000,  0, 0, 127
L -160.0000, 592.0000, 10.0000,  -126.0000, 592.0000, 10.0000,  0, 0, 127
L -126.0000, 592.0000, 10.0000,  -108.0000, 574.0000, 10.0000,  0, 0, 127
L -108.0000, 574.0000, 10.0000,  -105.0000, 574.0000, 10.0000,  0, 0, 127
L -105.0000, 574.0000, 10.0000,  -104.0000, 572.0000, 10.0000,  0, 0, 127
L -104.0000, 572.0000, 10.0000,  -93.0000, 572.0000, 10.0000,  0, 0, 127
L -93.0000, 572.0000, 10.0000,  -92.0000, 574.0000, 10.0000,  0, 0, 127
L -92.0000, 574.0000, 10.0000,  -37.0000, 574.0000, 10.0000,  0, 0, 127
L -37.0000, 559.0000, 100.0000,  -72.8604, 558.9999, 10.0000,  0, 0, 127
L -61.4605, 430.9209, 10.0000,  -60.0000, 428.0000, 10.0000,  0, 0, 127
L -60.0000, 428.0000, 10.0000,  -52.0000, 429.0000, 10.0000,  0, 0, 127
L -52.0000, 429.0000, 10.0000,  -52.0000, 430.0000, 10.0000,  0, 0, 127
L -52.0000, 430.0000, 10.0000,  52.5314, 430.0000, 10.0000,  0, 0, 127
L 52.0000, 417.0000, 100.0000,  52.0000, 286.0000, 10.0000,  0, 0, 127
L 52.0000, 286.0000, 10.0000,  142.0000, 286.0000, 10.0000,  0, 0, 127
L 37.0000, 343.0000, 10.0000,  17.1081, 343.0000, 10.0000,  0, 0, 127
L 17.1085, 325.0000, 10.0000,  -16.0000, 325.0000, 10.0000,  0, 0, 127
L -16.0000, 325.0000, 10.0000,  -16.0000, 342.7665, 10.0000,  0, 0, 127
L -37.0000, 342.7661, 10.0000,  -37.0000, 287.0000, 10.0000,  0, 0, 127
L -37.0000, 287.0000, 10.0000,  -36.0000, 286.0000, 10.0000,  0, 0, 0
L -36.0000, 286.0000, 10.0000,  -1.0000, 286.0000, 10.0000,  0, 0, 127
L 11.0000, 286.0000, 100.0000,  37.0000, 286.0000, 10.0000,  0, 0, 127
L 37.0000, 286.0000, 100.0000,  37.0000, 343.0000, 10.0000,  0, 0, 127
L 11.0000, 286.0000, 10.0000,  11.0000, 273.0000, 10.0000,  0, 0, 127
L 11.0000, 273.0000, 10.0000,  9.0000, 271.0000, 10.0000,  0, 0, 127
L 9.0000, 271.0000, 10.0000,  -1.0000, 274.3333, 10.0000,  0, 0, 127
L -1.0000, 274.3333, 10.0000,  -1.0000, 286.0000, 10.0000,  0, 0, 127
L -1.0000, 253.0000, 100.0000,  -1.0000, 258.0000, 10.0000,  0, 0, 127
L -1.0000, 258.0000, 10.0000,  3.0000, 266.0000, 10.0000,  0, 0, 127
L 3.0000, 266.0000, 10.0000,  12.9474, 267.4211, 10.0000,  0, 0, 127
L 12.9474, 267.4211, 10.0000,  19.0000, 265.0000, 10.0000,  0, 0, 127
L -30.0000, 574.0000, 100.0000,  -30.0000, 559.0000, 10.0000,  0, 0, 127
L -37.0000, 574.0000, 100.0000,  -37.0000, 559.0000, 10.0000,  0, 0, 127
L -30.0000, 559.0000, 100.0000,  -7.0000, 559.0000, 10.0000,  0, 0, 127
L 16.0000, 558.6958, 100.0000,  16.0000, 595.0000, 10.0000,  0, 0, 127
L 16.0000, 595.0000, 10.0000,  52.0000, 595.0000, 10.0000,  0, 0, 127
L 52.0000, 595.0000, 10.0000,  52.0000, 700.0000, 10.0000,  0, 0, 127
L 52.0000, 700.0000, 10.0000,  50.0000, 700.0000, 10.0000,  0, 0, 127
L 50.0000, 700.0000, 10.0000,  50.0000, 709.0000, 10.0000,  0, 0, 127
L 50.0000, 709.0000, 10.0000,  53.0771, 709.0000, 10.0000,  0, 0, 127
L 232.0000, 718.0000, 10.0000,  232.0000, 593.0000, 10.0000,  0, 0, 127
L 232.0000, 593.0000, 10.0000,  252.0000, 574.0000, 10.0000,  0, 0, 127
L 252.0000, 574.0000, 10.0000,  304.9834, 573.9999, 10.0000,  0, 0, 127
L 304.9836, 520.0000, 10.0000,  358.0000, 520.0000, 10.0000,  0, 0, 127
L 358.0000, 520.0000, 10.0000,  358.0000, 471.0000, 10.0000,  0, 0, 127
L 358.0000, 471.0000, 10.0000,  343.0000, 486.0000, 10.0000,  0, 0, 127
L 343.0000, 486.0000, 10.0000,  343.0000, 505.0000, 10.0000,  0, 0, 127
L 343.0000, 505.0000, 10.0000,  271.0000, 505.0000, 10.0000,  0, 0, 127
L 271.0000, 505.0000, 10.0000,  271.0000, 520.0000, 10.0000,  0, 0, 127
L 271.0000, 520.0000, 10.0000,  289.0000, 520.0000, 10.0000,  0, 0, 127
L 289.0000, 520.0000, 10.0000,  289.0000, 559.0000, 10.0000,  0, 0, 127
L 289.0000, 559.0000, 10.0000,  251.0000, 559.0000, 10.0000,  0, 0, 127
L 251.0000, 559.0000, 10.0000,  232.0000, 540.0000, 10.0000,  0, 0, 127
L 232.0000, 540.0000, 10.0000,  232.0000, 394.0000, 10.0000,  0, 0, 127
L 232.0000, 394.0000, 10.0000,  289.0000, 395.0000, 10.0000,  0, 0, 127
L 289.0000, 395.0000, 10.0000,  306.0000, 412.0000, 10.0000,  0, 0, 127
L 306.0000, 412.0000, 10.0000,  323.0000, 412.0000, 10.0000,  0, 0, 127
L 323.0000, 412.0000, 10.0000,  341.0000, 394.0000, 10.0000,  0, 0, 127
L 341.0000, 394.0000, 10.0000,  397.0000, 394.0000, 10.0000,  0, 0, 127
L 397.0000, 394.0000, 10.0000,  397.0000, 412.0000, 10.0000,  0, 0, 127
L 397.0000, 412.0000, 10.0000,  412.0000, 412.0000, 10.0000,  0, 0, 127
L 412.0000, 412.0000, 10.0000,  412.0000, 321.0000, 10.0000,  0, 0, 127
L 412.0000, 321.0000, 10.0000,  410.0000, 321.0000, 10.0000,  0, 0, 127
L 410.0000, 321.0000, 10.0000,  410.0000, 308.0000, 10.0000,  0, 0, 127
L 410.0000, 308.0000, 10.0000,  412.0000, 308.0000, 10.0000,  0, 0, 127
L 412.0000, 308.0000, 10.0000,  412.0000, 305.0000, 10.0000,  0, 0, 127
L 412.0000, 305.0000, 10.0000,  430.0000, 287.0000, 10.0000,  0, 0, 127
L 430.0000, 287.0000, 10.0000,  430.0000, 270.0000, 10.0000,  0, 0, 127
L 430.0000, 270.0000, 10.0000,  413.0000, 253.0000, 10.0000,  0, 0, 127
L 413.0000, 253.0000, 10.0000,  396.0000, 253.0000, 10.0000,  0, 0, 127
L 396.0000, 253.0000, 10.0000,  379.0000, 270.0000, 10.0000,  0, 0, 127
L 379.0000, 270.0000, 10.0000,  379.0000, 287.0000, 10.0000,  0, 0, 127
L 379.0000, 287.0000, 10.0000,  397.0000, 305.0000, 10.0000,  0, 0, 127
L 397.0000, 305.0000, 10.0000,  397.0000, 308.0000, 10.0000,  0, 0, 127
L 397.0000, 308.0000, 10.0000,  399.0000, 308.0000, 10.0000,  0, 0, 127
L 399.0000, 308.0000, 10.0000,  399.0000, 320.0000, 10.0000,  0, 0, 127
L 399.0000, 320.0000, 10.0000,  397.0000, 321.0000, 10.0000,  0, 0, 127
L 397.0000, 321.0000, 10.0000,  397.0000, 379.0000, 10.0000,  0, 0, 127
L 397.0000, 379.0000, 10.0000,  341.0000, 379.0000, 10.0000,  0, 0, 127
L 341.0000, 379.0000, 10.0000,  322.0000, 360.0000, 10.0000,  0, 0, 127
L 322.0000, 360.0000, 10.0000,  322.0000, 106.0000, 10.0000,  0, 0, 127
L 322.0000, 106.0000, 10.0000,  326.0000, 106.0000, 10.0000,  0, 0, 127
L 326.0000, 106.0000, 10.0000,  328.0000, 104.0000, 10.0000,  0, 0, 127
L 328.0000, 104.0000, 10.0000,  339.0000, 105.0000, 10.0000,  0, 0, 127
L 339.0000, 105.0000, 10.0000,  339.0000, 106.0000, 10.0000,  0, 0, 127
L 339.0000, 106.0000, 10.0000,  342.0000, 106.0000, 10.0000,  0, 0, 127
L 342.0000, 106.0000, 10.0000,  360.0000, 124.0000, 10.0000,  0, 0, 127
L 360.0000, 124.0000, 10.0000,  377.0000, 124.0000, 10.0000,  0, 0, 127
L 377.0000, 124.0000, 10.0000,  394.0000, 107.0000, 10.0000,  0, 0, 127
L 394.0000, 107.0000, 10.0000,  394.0000, 90.0000, 10.0000,  0, 0, 127
L 394.0000, 90.0000, 10.0000,  377.0000, 73.0000, 10.0000,  0, 0, 127
L 377.0000, 73.0000, 10.0000,  360.0000, 73.0000, 10.0000,  0, 0, 127
L 360.0000, 73.0000, 10.0000,  341.0000, 91.0000, 10.0000,  0, 0, 127
L 341.0000, 91.0000, 10.0000,  339.0000, 91.0000, 10.0000,  0, 0, 127
L 339.0000, 91.0000, 10.0000,  338.0000, 93.0000, 10.0000,  0, 0, 127
L 338.0000, 93.0000, 10.0000,  326.0000, 92.0000, 10.0000,  0, 0, 127
L 326.0000, 92.0000, 10.0000,  326.0000, 91.0000, 10.0000,  0, 0, 127
L 326.0000, 91.0000, 10.0000,  214.0000, 91.0000, 10.0000,  0, 0, 127
L 124.0000, 16.0000, 100.0000,  142.4787, 16.0000, 10.0000,  127, 0, 0
L 160.0000, 16.5149, 10.0000,  160.0000, 5.0000, 10.0000,  0, 0, 127
L 160.0000, 5.0000, 10.0000,  173.0000, 5.0000, 10.0000,  0, 0, 127
L 173.0000, 5.0000, 10.0000,  173.0000, 16.0000, 10.0000,  0, 0, 127
L 173.0000, 16.0000, 10.0000,  214.0000, 16.0000, 10.0000,  0, 0, 127
L 214.0000, 16.0000, 10.0000,  214.0000, -16.0000, 10.0000,  0, 0, 127
L 214.0000, -16.0000, 10.0000,  206.0000, -16.0000, 10.0000,  0, 0, 127
L 206.0000, -16.0000, 10.0000,  206.0000, -37.0000, 10.0000,  0, 0, 127
L 206.0000, -37.0000, 10.0000,  215.0000, -37.0000, 10.0000,  0, 0, 127
L 215.0000, -37.0000, 10.0000,  232.0000, -54.0000, 10.0000,  0, 0, 127
L 232.0000, -54.0000, 10.0000,  232.0000, -88.0000, 10.0000,  0, 0, 127
L 232.0000, -88.0000, 10.0000,  206.4211, -88.0000, 10.0000,  0, 0, 127
L 189.4225, -88.0000, 100.0000,  163.0000, -88.0000, 10.0000,  0, 0, 127
L 163.0000, -88.0000, 10.0000,  163.0000, -54.0000, 10.0000,  0, 0, 127
L 163.0000, -54.0000, 10.0000,  180.0000, -37.0000, 10.0000,  0, 0, 127
L 180.0000, -37.0000, 10.0000,  189.0000, -37.0000, 10.0000,  0, 0, 127
L 189.0000, -37.0000, 10.0000,  189.0000, -16.0000, 10.0000,  0, 0, 127
L 189.0000, -16.0000, 10.0000,  173.0000, -16.0000, 10.0000,  0, 0, 127
L 173.0000, -16.0000, 10.0000,  173.0000, -5.0000, 10.0000,  0, 0, 127
L 173.0000, -5.0000, 10.0000,  160.4521, -5.0000, 10.0000,  0, 0, 127
L 181.0000, -109.0000, 100.0000,  181.0000, -142.0000, 10.0000,  0, 0, 127
L 228.0000, -128.0000, 10.0000,  229.0000, -129.0000, 10.0000,  0, 0, 0
L 304.0000, -142.0000, 10.0000,  181.0000, -142.0000, 10.0000,  0, 0, 127
L 304.0000, -142.0000, 10.0000,  304.0000, -34.0000, 10.0000,  0, 0, 127
L 271.0000, -109.0000, 10.0000,  181.0000, -109.0000, 10.0000,  0, 0, 127
L 271.0000, -109.0000, 100.0000,  271.0000, -1.0000, 10.0000,  0, 0, 127
L 271.0000, -1.0000, 10.0000,  417.0000, -1.0000, 10.0000,  0, 0, 127
L -142.0000, -557.8873, 10.0000,  -142.0000, -574.0000, 10.0000,  0, 0, 127
L -142.0000, -574.0000, 10.0000,  -93.0000, -574.0000, 10.0000,  0, 0, 127
L -93.0000, -574.0000, 100.0000,  -93.0000, -570.9999, 10.0000,  0, 0, 0
L -93.0000, -570.9999, 10.0000,  -94.0000, -559.0000, 10.0000,  0, 0, 127
L -93.0000, -523.0000, 100.0000,  -93.0000, -544.0000, 10.0000,  0, 0, 127
L -93.0909, -569.9091, 100.0000,  -71.0000, -592.0000, 10.0000,  0, 0, 127
L -71.0000, -592.0000, 10.0000,  -16.0000, -594.0000, 10.0000,  0, 0, 127
L -16.0000, -594.0000, 10.0000,  -16.0000, -596.0000, 10.0000,  0, 0, 127
L -16.0000, -596.0000, 10.0000,  -15.0000, -596.0000, 10.0000,  0, 0, 127
L -15.0000, -596.0000, 10.0000,  -13.0000, -599.0000, 10.0000,  0, 0, 127
L -13.0000, -599.0000, 10.0000,  -14.0000, -607.0000, 10.0000,  0, 0, 127
L -14.0000, -607.0000, 10.0000,  -14.0000, -608.0000, 10.0000,  0, 0, 127
L -14.0000, -608.0000, 10.0000,  -15.0000, -608.0000, 10.0000,  0, 0, 127
L -15.0000, -608.0000, 10.0000,  -16.0000, -609.0000, 10.0000,  0, 0, 127
L -16.0000, -609.0000, 10.0000,  -16.0000, -612.0000, 10.0000,  0, 0, 127
L -16.0000, -612.0000, 10.0000,  -34.0000, -613.0000, 10.0000,  0, 0, 127
L -34.0000, -613.0000, 10.0000,  -34.0000, -664.0000, 10.0000,  0, 0, 127
L -34.0000, -664.0000, 10.0000,  16.0000, -664.0000, 10.0000,  0, 0, 127
L 16.0000, -664.0000, 10.0000,  16.0000, -613.0000, 10.0000,  0, 0, 127
L 16.0000, -613.0000, 10.0000,  -1.0000, -611.0000, 10.0000,  0, 0, 127
L -1.0000, -611.0000, 10.0000,  -1.0000, -609.0000, 10.0000,  0, 0, 127
L -1.0000, -609.0000, 10.0000,  -3.0000, -608.0000, 10.0000,  0, 0, 127
L -3.0000, -608.0000, 10.0000,  -3.0000, -596.0000, 10.0000,  0, 0, 127
L -3.0000, -596.0000, 10.0000,  -1.0000, -596.0000, 10.0000,  0, 0, 127
L -1.0000, -596.0000, 10.0000,  -1.0000, -505.0000, 10.0000,  0, 0, 127
L -1.0000, -505.0000, 10.0000,  -71.0000, -505.0000, 10.0000,  0, 0, 127
L -71.0000, -505.0000, 10.0000,  -93.0000, -526.9999, 10.0000,  0, 0, 127
L 52.0000, 417.0000, 10.0000,  61.0000, 417.0000, 10.0000,  0, 0, 127
L 61.0000, 417.0000, 10.0000,  61.0000, 415.0000, 10.0000,  0, 0, 127
L 61.0000, 415.0000, 10.0000,  109.0000, 415.0000, 10.0000,  0, 0, 127
L 109.0000, 415.0000, 10.0000,  109.0000, 411.0000, 10.0000,  0, 0, 127
L 109.0000, 411.0000, 10.0000,  111.0000, 410.0000, 10.0000,  0, 0, 127
L 111.0000, 410.0000, 10.0000,  111.0000, 398.0000, 10.0000,  0, 0, 127
L 111.0000, 398.0000, 10.0000,  109.0000, 398.0000, 10.0000,  0, 0, 127
L 109.0000, 398.0000, 10.0000,  109.0000, 394.0000, 10.0000,  0, 0, 127
L 109.0000, 394.0000, 10.0000,  91.0000, 394.0000, 10.0000,  0, 0, 127
L 91.0000, 394.0000, 10.0000,  91.0000, 361.0000, 10.0000,  0, 0, 127
L 91.0000, 361.0000, 10.0000,  142.0000, 361.0000, 10.0000,  0, 0, 127
L 142.0000, 361.0000, 10.0000,  142.0000, 394.0000, 10.0000,  0, 0, 127
L 142.0000, 394.0000, 10.0000,  124.0000, 394.0000, 10.0000,  0, 0, 127
L 124.0000, 394.0000, 10.0000,  124.0000, 398.0000, 10.0000,  0, 0, 127
L 124.0000, 398.0000, 10.0000,  122.0000, 398.0000, 10.0000,  0, 0, 127
L 122.0000, 398.0000, 10.0000,  122.0000, 411.0000, 10.0000,  0, 0, 127
L 122.0000, 411.0000, 10.0000,  124.0000, 411.0000, 10.0000,  0, 0, 127
L 124.0000, 411.0000, 10.0000,  124.0000, 451.0000, 10.0000,  0, 0, 127
L 124.0000, 451.0000, 10.0000,  128.0000, 451.0000, 10.0000,  0, 0, 127
L 128.0000, 451.0000, 10.0000,  128.0000, 453.0000, 10.0000,  0, 0, 127
L 128.0000, 453.0000, 10.0000,  141.0000, 453.0000, 10.0000,  0, 0, 127
L 141.0000, 453.0000, 10.0000,  141.0000, 451.0000, 10.0000,  0, 0, 127
L 141.0000, 451.0000, 10.0000,  145.0000, 451.0000, 10.0000,  0, 0, 127
L 145.0000, 451.0000, 10.0000,  145.0000, 433.0000, 10.0000,  0, 0, 127
L 145.0000, 433.0000, 10.0000,  178.0000, 433.0000, 10.0000,  0, 0, 127
L 178.0000, 433.0000, 10.0000,  178.0000, 484.0000, 10.0000,  0, 0, 127
L 178.0000, 484.0000, 10.0000,  145.0000, 484.0000, 10.0000,  0, 0, 127
L 145.0000, 484.0000, 10.0000,  144.0000, 466.0000, 10.0000,  0, 0, 127
L 144.0000, 466.0000, 10.0000,  141.0000, 466.0000, 10.0000,  0, 0, 127
L 141.0000, 466.0000, 10.0000,  140.0000, 464.0000, 10.0000,  0, 0, 127
L 140.0000, 464.0000, 10.0000,  129.0000, 464.0000, 10.0000,  0, 0, 127
L 129.0000, 464.0000, 10.0000,  128.0000, 466.0000, 10.0000,  0, 0, 127
L 128.0000, 466.0000, 10.0000,  124.0000, 466.0000, 10.0000,  0, 0, 127
L 124.0000, 466.0000, 10.0000,  124.0000, 540.0000, 10.0000,  0, 0, 127
L 124.0000, 540.0000, 10.0000,  142.0000, 552.0000, 10.0000,  0, 0, 127
L 142.0000, 552.0000, 10.0000,  142.0000, 575.0000, 10.0000,  0, 0, 127
L 142.0000, 575.0000, 10.0000,  125.0000, 592.0000, 10.0000,  0, 0, 127
L 125.0000, 592.0000, 10.0000,  108.0000, 592.0000, 10.0000,  0, 0, 127
L 108.0000, 592.0000, 10.0000,  90.0000, 574.0000, 10.0000,  0, 0, 127
L 90.0000, 574.0000, 10.0000,  63.0000, 574.0000, 10.0000,  0, 0, 127
L 63.0000, 574.0000, 10.0000,  55.0000, 572.0000, 10.0000,  0, 0, 127
L 55.0000, 572.0000, 10.0000,  53.0000, 566.0000, 10.0000,  0, 0, 127
L 53.0000, 566.0000, 10.0000,  60.0000, 559.0000, 10.0000,  0, 0, 127
L 60.0000, 559.0000, 10.0000,  90.0000, 558.9999, 10.0000,  0, 0, 127
L 90.0000, 558.9999, 10.0000,  109.4539, 539.5460, 10.0000,  0, 0, 127
L 109.4543, 430.0000, 10.0000,  61.0000, 430.0000, 10.0000,  0, 0, 127
L 61.0000, 430.0000, 10.0000,  61.0000, 427.6861, 10.0000,  0, 0, 127
L 108.8090, 451.0000, 100.0000,  99.1429, 451.0000, 10.0000,  0, 0, 127
L 99.1429, 451.0000, 10.0000,  74.0000, 462.0000, 10.0000,  0, 0, 127
L 74.0000, 462.0000, 10.0000,  31.0000, 472.0000, 10.0000,  0, 0, 127
L 31.0000, 472.0000, 10.0000,  11.4000, 491.6000, 10.0000,  0, 0, 127
L 11.4000, 491.6000, 10.0000,  9.0000, 500.0000, 10.0000,  0, 0, 127
L 9.0000, 500.0000, 10.0000,  3.0000, 519.0000, 10.0000,  0, 0, 127
L 3.0000, 519.0000, 10.0000,  -7.0000, 539.0000, 10.0000,  0, 0, 127
L -7.0000, 539.0000, 10.0000,  -7.0000, 559.0000, 10.0000,  0, 0, 127
L 9.9944, 552.0333, 100.0000,  15.2500, 520.5000, 10.0000,  0, 0, 127
L 15.2500, 520.5000, 10.0000,  30.1724, 490.6552, 10.0000,  0, 0, 127
L 30.1724, 490.6552, 10.0000,  75.8219, 482.0959, 10.0000,  0, 0, 127
L 75.8219, 482.0959, 10.0000,  89.0000, 475.0000, 10.0000,  0, 0, 127
L 89.0000, 475.0000, 10.0000,  99.0761, 466.6032, 10.0000,  0, 0, 127
L -30.0000, 574.0000, 10.0000,  -16.0000, 574.0000, 10.0000,  0, 0, 127
L -16.0000, 574.0000, 10.0000,  -16.0000, 595.0000, 10.0000,  0, 0, 127
L -16.0000, 595.0000, 10.0000,  -52.0000, 595.0000, 10.0000,  0, 0, 127
L -52.0000, 595.0000, 10.0000,  -52.0000, 700.0000, 10.0000,  0, 0, 127
L -52.0000, 700.0000, 10.0000,  39.6710, 700.0000, 10.0000,  0, 0, 127
L 51.0000, 700.0000, 100.0000,  52.0000, 700.0000, 10.0000,  0, 0, 0
L 217.0000, 702.6099, 10.0000,  217.0000, 593.0000, 10.0000,  0, 0, 127
L 217.0000, 593.0000, 10.0000,  199.0000, 575.0000, 10.0000,  0, 0, 127
L 199.0000, 575.0000, 10.0000,  199.0000, 558.0000, 10.0000,  0, 0, 127
L 199.0000, 558.0000, 10.0000,  217.0000, 536.0000, 10.0000,  0, 0, 127
L 217.0000, 536.0000, 10.0000,  217.0000, 379.0000, 10.0000,  0, 0, 127
L 217.0000, 379.0000, 100.0000,  288.0000, 379.0000, 10.0000,  0, 0, 127
L 288.0000, 379.0000, 10.0000,  307.0000, 360.0000, 10.0000,  0, 0, 127
L 307.0000, 360.0000, 10.0000,  307.0000, 106.0000, 10.0000,  0, 0, 127
L 307.0000, 106.0000, 10.0000,  199.0000, 106.0000, 10.0000,  0, 0, 127
L 199.0000, 18.0000, 100.0000,  214.0000, 18.0000, 10.0000,  0, 0, 127
L 214.0000, 18.0000, 100.0000,  215.0000, 91.0000, 10.0000,  0, 0, 127
L 326.0000, 91.0000, 10.0000,  326.0000, 92.0000, 10.0000,  0, 0, 0
L 199.0000, 18.0000, 100.0000,  199.0000, 106.0000, 10.0000,  0, 0, 127
L 89.0241, 718.0000, 10.0000,  232.0000, 718.0000, 10.0000,  0, 0, 127
L 124.0000, 738.6104, 100.0000,  124.0000, 790.0000, 10.0000,  0, 0, 127
L 124.0000, 790.0000, 10.0000,  37.0000, 790.0000, 10.0000,  0, 0, 127
L 37.0000, 790.0000, 10.0000,  37.0000, 708.6122, 10.0000,  0, 0, 127
L -143.0000, -541.0000, 100.0000,  -142.0000, -536.0000, 10.0000,  0, 0, 127
L -142.0000, -536.0000, 10.0000,  -142.0000, -523.0000, 10.0000,  0, 0, 127
L -142.0000, -523.0000, 10.0000,  -93.0000, -523.0000, 10.0000,  0, 0, 127
L -112.3333, 16.0000, 100.0000,  -160.0000, 16.0000, 10.0000,  0, 0, 127
L -160.0000, 16.0000, 10.0000,  -160.0000, 5.0000, 10.0000,  0, 0, 127
L -160.0000, -5.0000, 100.0000,  -160.0000, -16.0000, 10.0000,  0, 0, 127
L -160.0000, -16.0000, 10.0000,  -111.0000, -16.0000, 10.0000,  0, 0, 127
L -160.0000, 5.0000, 100.0000,  -173.0000, 5.0000, 10.0000,  0, 0, 127
L -173.0000, 5.0000, 10.0000,  -173.0000, 16.0000, 10.0000,  0, 0, 127
L -173.0000, 16.0000, 10.0000,  -214.0000, 16.0000, 10.0000,  0, 0, 127
L -214.0000, 16.0000, 10.0000,  -214.0000, -16.0000, 10.0000,  0, 0, 127
L -214.0000, -16.0000, 10.0000,  -206.0000, -17.0000, 10.0000,  0, 0, 127
L -206.0000, -17.0000, 10.0000,  -207.0000, -37.0000, 10.0000,  0, 0, 127
L -207.0000, -37.0000, 10.0000,  -215.0000, -37.0000, 10.0000,  0, 0, 127
L -215.0000, -37.0000, 10.0000,  -232.0000, -54.0000, 10.0000,  0, 0, 127
L -232.0000, -54.0000, 10.0000,  -232.0000, -88.0000, 10.0000,  0, 0, 127
L -232.0000, -88.0000, 10.0000,  -204.0000, -88.0000, 10.0000,  0, 0, 127
L -191.2092, -89.0850, 100.0000,  -163.0000, -88.0000, 10.0000,  0, 0, 127
L -163.0000, -88.0000, 10.0000,  -163.0000, -54.0000, 10.0000,  0, 0, 127
L -163.0000, -54.0000, 10.0000,  -180.0000, -37.0000, 10.0000,  0, 0, 127
L -180.0000, -37.0000, 10.0000,  -189.0000, -36.0000, 10.0000,  0, 0, 127
L -189.0000, -36.0000, 10.0000,  -188.0000, -16.0000, 10.0000,  0, 0, 127
L -188.0000, -16.0000, 10.0000,  -173.0000, -16.0000, 10.0000,  0, 0, 127
L -173.0000, -16.0000, 10.0000,  -173.0000, -5.0000, 10.0000,  0, 0, 127
L -173.0000, -5.0000, 10.0000,  -160.0000, -5.0000, 10.0000,  0, 0, 127
L -204.0000, -88.0000, 100.0000,  -204.0000, -107.0000, 10.0000,  0, 0, 127
L -191.4782, -107.0000, 100.0000,  -204.0000, -107.0000, 10.0000,  0, 0, 127
L -181.0000, -109.0000, 100.0000,  -181.0000, -160.0000, 10.0000,  0, 0, 127
L -181.0000, -160.0000, 10.0000,  -286.0000, -160.0000, 10.0000,  0, 0, 127
L -181.0000, -109.0000, 100.0000,  -214.0000, -109.0000, 10.0000,  0, 0, 127
L -214.0000, -109.0000, 10.0000,  -215.0000, -127.0000, 10.0000,  0, 0, 127
L -215.0000, -127.0000, 10.0000,  -253.0000, -127.0000, 10.0000,  0, 0, 127
L -253.0000, -127.0000, 10.0000,  -253.0000, 18.0000, 10.0000,  0, 0, 127
L -253.0000, 18.0000, 10.0000,  -217.0000, 72.0000, 10.0000,  0, 0, 127
L -217.0000, 72.0000, 10.0000,  -217.0000, 196.0000, 10.0000,  0, 0, 127
L -250.0000, 194.8571, 100.0000,  -250.0000, 161.0000, 10.0000,  0, 0, 127
L -250.0000, 127.0000, 100.0000,  -522.9999, 127.0000, 10.0000,  0, 0, 127
L -250.0000, 161.0000, 100.0000,  -522.9999, 159.5555, 10.0000,  0, 0, 127
L -522.9999, 159.5555, 10.0000,  -523.0000, 199.0000, 10.0000,  0, 0, 127
L -523.0000, 199.0000, 10.0000,  -505.0000, 199.0000, 10.0000,  0, 0, 127
L -505.0000, 199.0000, 10.0000,  -505.0000, 214.0000, 10.0000,  0, 0, 127
L -505.0000, 214.0000, 10.0000,  -574.0000, 214.0000, 10.0000,  0, 0, 127
L -574.0000, 214.0000, 10.0000,  -574.0000, 73.0000, 10.0000,  0, 0, 127
L -574.0000, 73.0000, 10.0000,  -499.0000, 73.0000, 10.0000,  0, 0, 127
L -499.0000, 73.0000, 10.0000,  -498.0000, 75.0000, 10.0000,  0, 0, 127
L -498.0000, 75.0000, 10.0000,  -490.0000, 75.0000, 10.0000,  0, 0, 127
L -490.0000, 75.0000, 10.0000,  -489.0000, 73.0000, 10.0000,  0, 0, 127
L -489.0000, 73.0000, 10.0000,  -484.3774, 73.0000, 10.0000,  0, 0, 127
L -484.6723, 52.0000, 10.0000,  -612.9999, 52.0000, 10.0000,  0, 0, 127
L -612.9999, 52.0000, 10.0000,  -612.9999, 138.0000, 10.0000,  0, 0, 127
L -612.9999, 138.0000, 10.0000,  -598.0000, 138.0000, 10.0000,  0, 0, 127
L -598.0000, 138.0000, 10.0000,  -598.0000, 132.0000, 10.0000,  0, 0, 127
L -598.0000, 132.0000, 10.0000,  -593.0000, 127.0000, 10.0000,  0, 0, 127
L -593.0000, 127.0000, 10.0000,  -579.0000, 127.0000, 10.0000,  0, 0, 127
L -579.0000, 127.0000, 100.0000,  -579.0000, 160.0000, 10.0000,  0, 0, 127
L -579.0000, 160.0000, 100.0000,  -593.0000, 160.0000, 10.0000,  0, 0, 127
L -593.0000, 160.0000, 10.0000,  -598.0000, 155.0000, 10.0000,  0, 0, 127
L -598.0000, 155.0000, 10.0000,  -598.0000, 149.0000, 10.0000,  0, 0, 127
L -598.0000, 149.0000, 10.0000,  -628.0000, 149.0000, 10.0000,  0, 0, 127
L -628.0000, 149.0000, 10.0000,  -628.0000, 52.0000, 10.0000,  0, 0, 127
L -628.0000, 52.0000, 10.0000,  -632.0000, 52.0000, 10.0000,  0, 0, 127
L -632.0000, 52.0000, 10.0000,  -632.0000, 50.0000, 10.0000,  0, 0, 127
L -632.0000, 50.0000, 10.0000,  -645.0000, 50.0000, 10.0000,  0, 0, 127
L -645.0000, 50.0000, 10.0000,  -645.0000, 52.0000, 10.0000,  0, 0, 127
L -645.0000, 52.0000, 10.0000,  -649.0000, 52.0000, 10.0000,  0, 0, 127
L -649.0000, 52.0000, 10.0000,  -649.0000, 106.4834, 10.0000,  0, 0, 127
L -645.2349, 39.0000, 10.0000,  -633.0000, 39.0000, 10.0000,  0, 0, 127
L -633.0000, 39.0000, 10.0000,  -631.0000, 37.0000, 10.0000,  0, 0, 127
L -631.0000, 37.0000, 10.0000,  -556.0000, 37.0000, 10.0000,  0, 0, 127
L -556.0000, 37.0000, 10.0000,  -556.0000, 33.0000, 10.0000,  0, 0, 127
L -556.0000, 33.0000, 10.0000,  -554.0000, 33.0000, 10.0000,  0, 0, 127
L -554.0000, 33.0000, 10.0000,  -554.0000, 22.0000, 10.0000,  0, 0, 127
L -554.0000, 22.0000, 10.0000,  -555.5000, 16.0000, 10.0000,  0, 0, 127
L -555.5000, 16.0000, 10.0000,  -574.0000, 16.0000, 10.0000,  0, 0, 127
L -574.0000, 16.0000, 10.0000,  -574.0000, -16.0000, 10.0000,  0, 0, 127
L -574.0000, -16.0000, 10.0000,  -523.0000, -16.0000, 10.0000,  0, 0, 127
L -523.0000, -16.0000, 10.0000,  -523.0000, 16.0000, 10.0000,  0, 0, 127
L -523.0000, 16.0000, 10.0000,  -541.0000, 16.0000, 10.0000,  0, 0, 127
L -541.0000, 16.0000, 10.0000,  -541.0000, 20.0000, 10.0000,  0, 0, 127
L -541.0000, 20.0000, 10.0000,  -543.0000, 22.0000, 10.0000,  0, 0, 127
L -543.0000, 22.0000, 10.0000,  -543.0000, 33.0000, 10.0000,  0, 0, 127
L -543.0000, 33.0000, 10.0000,  -541.0000, 33.0000, 10.0000,  0, 0, 127
L -541.0000, 33.0000, 10.0000,  -541.0000, 37.0000, 10.0000,  0, 0, 127
L -541.0000, 37.0000, 10.0000,  -469.0000, 37.0000, 10.0000,  0, 0, 127
L -469.0000, 37.0000, 10.0000,  -469.0000, 55.0000, 10.0000,  0, 0, 127
L -469.0000, 55.0000, 10.0000,  -465.0000, 55.0000, 10.0000,  0, 0, 127
L -465.0000, 55.0000, 10.0000,  -465.0000, 57.0000, 10.0000,  0, 0, 127
L -465.0000, 57.0000, 10.0000,  -452.0000, 57.0000, 10.0000,  0, 0, 127
L -452.0000, 57.0000, 10.0000,  -451.0000, 55.0000, 10.0000,  0, 0, 127
L -451.0000, 55.0000, 10.0000,  -448.0000, 55.0000, 10.0000,  0, 0, 127
L -448.0000, 55.0000, 10.0000,  -448.0000, 37.0000, 10.0000,  0, 0, 127
L -448.0000, 37.0000, 10.0000,  -415.0000, 37.0000, 10.0000,  0, 0, 127
L -415.0000, 37.0000, 10.0000,  -415.0000, 70.0000, 10.0000,  0, 0, 127
L -415.0000, 70.0000, 10.0000,  -452.0000, 70.0000, 10.0000,  0, 0, 127
L -452.0000, 70.0000, 10.0000,  -452.0000, 68.0000, 10.0000,  0, 0, 127
L -452.0000, 68.0000, 10.0000,  -465.0000, 68.0000, 10.0000,  0, 0, 127
L -465.0000, 68.0000, 10.0000,  -465.0000, 70.4633, 10.0000,  0, 0, 127
L -469.0000, 70.7380, 10.0000,  -469.0000, 88.0000, 10.0000,  0, 0, 127
L -469.0000, 88.0000, 10.0000,  -490.0000, 88.0000, 10.0000,  0, 0, 127
L -490.0000, 88.0000, 10.0000,  -490.0000, 86.0000, 10.0000,  0, 0, 127
L -490.0000, 86.0000, 10.0000,  -499.0000, 86.0000, 10.0000,  0, 0, 127
L -499.0000, 86.0000, 10.0000,  -499.0000, 88.4877, 10.0000,  0, 0, 127
L -523.0000, 88.2094, 10.0000,  -522.9999, 127.0000, 10.0000,  0, 0, 127
L -250.0000, 127.0000, 100.0000,  -250.0000, 71.7826, 10.0000,  0, 0, 127
L -250.0000, 71.7826, 10.0000,  -286.0000, 17.0000, 10.0000,  0, 0, 127
L -286.0000, 17.0000, 10.0000,  -286.0000, -1.0000, 10.0000,  0, 0, 127
L -286.0000, -1.0000, 10.0000,  -290.0000, -1.0000, 10.0000,  0, 0, 127
L -290.0000, -1.0000, 10.0000,  -290.0000, -3.0000, 10.0000,  0, 0, 127
L -290.0000, -3.0000, 10.0000,  -303.5453, -3.0000, 10.0000,  0, 0, 127
L -307.0000, -1.6039, 10.0000,  -307.0000, 16.0000, 10.0000,  0, 0, 127
L -307.0000, 16.0000, 10.0000,  -358.0000, 16.0000, 10.0000,  0, 0, 127
L -358.0000, 16.0000, 10.0000,  -358.0000, -16.0000, 10.0000,  0, 0, 127
L -358.0000, -16.0000, 10.0000,  -303.0000, -16.0000, 10.0000,  0, 0, 127
L -303.0000, -16.0000, 10.0000,  -303.0000, -14.0000, 10.0000,  0, 0, 127
L -303.0000, -14.0000, 10.0000,  -291.0000, -14.0000, 10.0000,  0, 0, 127
L -291.0000, -14.0000, 10.0000,  -289.0000, -16.0000, 10.0000,  0, 0, 127
L -289.0000, -16.0000, 10.0000,  -286.0000, -16.0000, 10.0000,  0, 0, 127
L -286.0000, -16.0000, 10.0000,  -286.0000, -160.0000, 10.0000,  0, 0, 127
L -250.0000, 217.0000, 100.0000,  -250.0000, 235.0000, 10.0000,  0, 0, 127
L -250.0000, 235.0000, 10.0000,  -254.0000, 235.0000, 10.0000,  0, 0, 127
L -254.0000, 235.0000, 10.0000,  -254.0000, 237.0000, 10.0000,  0, 0, 127
L -254.0000, 237.0000, 10.0000,  -267.0000, 237.0000, 10.0000,  0, 0, 127
L -267.0000, 237.0000, 10.0000,  -271.0000, 233.0000, 10.0000,  0, 0, 127
L -271.0000, 233.0000, 10.0000,  -271.0000, 217.0000, 10.0000,  0, 0, 127
L -271.0000, 217.0000, 10.0000,  -304.0000, 217.0000, 10.0000,  0, 0, 127
L -304.0000, 217.0000, 10.0000,  -304.0000, 268.0000, 10.0000,  0, 0, 127
L -304.0000, 268.0000, 10.0000,  -271.0000, 268.0000, 10.0000,  0, 0, 127
L -271.0000, 268.0000, 10.0000,  -271.0000, 250.0000, 10.0000,  0, 0, 127
L -271.0000, 250.0000, 10.0000,  -267.0000, 250.0000, 10.0000,  0, 0, 127
L -267.0000, 250.0000, 10.0000,  -267.0000, 248.0000, 10.0000,  0, 0, 127
L -267.0000, 248.0000, 10.0000,  -255.0000, 248.0000, 10.0000,  0, 0, 127
L -255.0000, 248.0000, 10.0000,  -254.0000, 250.0000, 10.0000,  0, 0, 127
L -254.0000, 250.0000, 10.0000,  -217.0000, 250.0000, 10.0000,  0, 0, 127
L -217.0000, 250.0000, 10.0000,  -217.0000, 219.0000, 10.0000,  0, 0, 127
L -217.0000, 219.0000, 10.0000,  -227.0000, 209.0000, 10.0000,  0, 0, 127
L -227.0000, 209.0000, 10.0000,  -227.0000, 203.0000, 10.0000,  0, 0, 127
L -227.0000, 203.0000, 10.0000,  -224.0000, 199.0000, 10.0000,  0, 0, 127
L -224.0000, 199.0000, 10.0000,  -217.0000, 196.0000, 10.0000,  0, 0, 127
L -229.3421, 203.7105, 100.0000,  -250.0000, 194.8571, 10.0000,  0, 0, 127
L -229.3421, 203.7105, 100.0000,  -231.0000, 212.0000, 10.0000,  0, 0, 127
L -231.0000, 212.0000, 10.0000,  -250.0000, 217.0000, 10.0000,  0, 0, 127
L 17.3514, 111.3513, 10.0000,  13.0000, 107.0000, 10.0000,  0, 0, 127
L 13.0000, 107.0000, 10.0000,  13.0000, 71.0000, 10.0000,  0, 0, 127
L 13.0000, 71.0000, 10.0000,  17.0000, 67.0000, 10.0000,  0, 0, 127
L -17.0000, 59.0000, 10.0000,  -17.0000, 66.0000, 10.0000,  0, 0, 127
L -17.0000, 66.0000, 10.0000,  -13.0000, 72.6667, 10.0000,  0, 0, 127
L -13.0000, 72.6667, 10.0000,  -13.0000, 108.0000, 10.0000,  0, 0, 127
L -13.0000, 108.0000, 10.0000,  -16.0000, 111.0000, 10.0000,  0, 0, 127
L -112.3333, 16.0000, 10.0000,  -107.3333, 13.0000, 10.0000,  0, 0, 127
L -107.3333, 13.0000, 10.0000,  -71.0000, 13.0000, 10.0000,  0, 0, 127
L -71.0000, 13.0000, 10.0000,  -66.5000, 16.0000, 10.0000,  0, 0, 127
L -67.6667, -16.0000, 10.0000,  -72.6667, -13.0000, 10.0000,  0, 0, 127
L -72.6667, -13.0000, 10.0000,  -108.0000, -13.0000, 10.0000,  0, 0, 127
L -108.0000, -13.0000, 10.0000,  -111.0000, -16.0000, 10.0000,  0, 0, 127
L 304.0000, -34.0000, 10.0000,  417.0000, -34.0000, 10.0000,  0, 0, 127
L 417.0000, -34.0000, 10.0000,  417.0000, -46.0000, 10.0000,  0, 0, 127
L 417.0000, -46.0000, 10.0000,  415.0000, -47.0000, 10.0000,  0, 0, 127
L 415.0000, -47.0000, 10.0000,  415.0000, -91.0000, 10.0000,  0, 0, 127
L 415.0000, -91.0000, 10.0000,  396.0000, -91.0000, 10.0000,  0, 0, 127
L 396.0000, -91.0000, 10.0000,  379.0000, -108.0000, 10.0000,  0, 0, 127
L 379.0000, -108.0000, 10.0000,  379.0000, -142.0000, 10.0000,  0, 0, 127
L 379.0000, -142.0000, 10.0000,  397.0000, -142.0000, 10.0000,  0, 0, 127
L 397.0000, -142.0000, 10.0000,  397.0000, -160.0000, 10.0000,  0, 0, 127
L 397.0000, -160.0000, 10.0000,  417.0000, -161.0000, 10.0000,  0, 0, 127
L 417.0000, -161.0000, 10.0000,  417.0000, -181.0000, 10.0000,  0, 0, 127
L 417.0000, -181.0000, 10.0000,  392.0000, -181.0000, 10.0000,  0, 0, 127
L 392.0000, -181.0000, 10.0000,  392.0000, -132.0000, 10.0000,  0, 0, 127
L 392.0000, -132.0000, 10.0000,  393.8648, -120.8108, 10.0000,  0, 0, 127
L 393.8648, -120.8108, 10.0000,  416.0000, -105.0000, 10.0000,  0, 0, 127
L 416.0000, -105.0000, 10.0000,  430.0000, -105.0000, 10.0000,  0, 0, 127
L 430.0000, -105.0000, 10.0000,  450.0000, -125.0000, 10.0000,  0, 0, 127
L 450.0000, -125.0000, 10.0000,  453.0000, -150.5000, 10.0000,  0, 0, 127
L 453.0000, -150.5000, 10.0000,  453.0000, -181.0000, 10.0000,  0, 0, 127
L 453.0000, -181.0000, 10.0000,  428.0000, -181.0000, 10.0000,  0, 0, 127
L 428.0000, -181.0000, 10.0000,  428.0000, -158.9474, 10.0000,  0, 0, 127
L 428.0000, -158.9474, 10.0000,  448.0000, -160.0000, 10.0000,  0, 0, 127
L 448.0000, -160.0000, 10.0000,  448.0000, -142.0000, 10.0000,  0, 0, 127
L 448.0000, -142.0000, 10.0000,  466.0000, -142.0000, 10.0000,  0, 0, 127
L 466.0000, -142.0000, 10.0000,  466.0000, -108.0000, 10.0000,  0, 0, 127
L 466.0000, -108.0000, 10.0000,  449.0000, -91.0000, 10.0000,  0, 0, 127
L 449.0000, -91.0000, 10.0000,  430.0000, -91.0000, 10.0000,  0, 0, 127
L 430.0000, -91.0000, 10.0000,  430.0000, -47.0000, 10.0000,  0, 0, 127
L 430.0000, -47.0000, 10.0000,  428.0000, -46.0000, 10.0000,  0, 0, 127
L 428.0000, -46.0000, 10.0000,  428.0000, -35.0000, 10.0000,  0, 0, 127
L 428.0000, -35.0000, 10.0000,  430.0000, -34.0000, 10.0000,  0, 0, 127
L 430.0000, -34.0000, 10.0000,  430.0000, -1.0000, 10.0000,  0, 0, 127
L 430.0000, -1.0000, 10.0000,  428.0000, -1.0000, 10.0000,  0, 0, 127
L 428.0000, -1.0000, 10.0000,  428.0000, 11.0000, 10.0000,  0, 0, 127
L 428.0000, 11.0000, 10.0000,  430.0000, 11.0000, 10.0000,  0, 0, 127
L 430.0000, 11.0000, 10.0000,  430.0000, 19.0000, 10.0000,  0, 0, 127
L 430.0000, 19.0000, 10.0000,  487.0000, 19.0000, 10.0000,  0, 0, 127
L 487.0000, 19.0000, 10.0000,  487.0000, -34.0000, 10.0000,  0, 0, 127
L 487.0000, -34.0000, 10.0000,  559.0000, -34.0000, 10.0000,  0, 0, 127
L 559.0000, -34.0000, 10.0000,  559.0000, -38.0000, 10.0000,  0, 0, 127
L 559.0000, -38.0000, 10.0000,  561.0000, -40.0000, 10.0000,  0, 0, 127
L 561.0000, -40.0000, 10.0000,  561.0000, -49.0000, 10.0000,  0, 0, 127
L 561.0000, -49.0000, 10.0000,  559.0000, -53.0000, 10.0000,  0, 0, 127
L 505.0000, -55.4542, 10.0000,  505.0000, -88.0000, 10.0000,  0, 0, 127
L 505.0000, -88.0000, 10.0000,  541.0000, -88.0000, 10.0000,  0, 0, 127
L 541.0000, -88.0000, 10.0000,  540.9999, -127.0000, 10.0000,  0, 0, 127
L 540.9999, -127.0000, 10.0000,  505.0000, -127.0000, 10.0000,  0, 0, 127
L 505.0000, -127.0000, 10.0000,  505.0000, -160.0000, 10.0000,  0, 0, 127
L 505.0000, -160.0000, 10.0000,  559.0000, -160.0000, 10.0000,  0, 0, 127
L 559.0000, -164.0000, 10.0000,  560.0000, -164.0000, 10.0000,  0, 0, 0
L 560.0000, -177.0000, 10.0000,  559.0000, -177.0000, 10.0000,  0, 0, 0
L 559.0000, -177.0000, 10.0000,  559.0000, -180.0000, 10.0000,  0, 0, 0
L 559.0000, -181.0000, 10.0000,  464.0000, -181.0000, 10.0000,  0, 0, 127
L 392.0000, -181.0000, 100.0000,  343.0000, -181.0000, 10.0000,  0, 0, 127
L 343.0000, -181.0000, 10.0000,  343.0000, -286.0000, 10.0000,  0, 0, 127
L 343.0000, -286.0000, 10.0000,  452.0000, -286.0000, 10.0000,  0, 0, 127
L 452.0000, -286.0000, 10.0000,  452.0000, -282.6667, 10.0000,  0, 0, 127
L 452.0000, -282.6667, 10.0000,  459.5000, -283.5000, 10.0000,  0, 0, 127
L 459.5000, -283.5000, 10.0000,  470.0000, -287.0000, 10.0000,  0, 0, 127
L 470.0000, -287.0000, 10.0000,  486.0000, -304.0000, 10.0000,  0, 0, 127
L 486.0000, -304.0000, 10.0000,  540.9999, -304.0000, 10.0000,  0, 0, 127
L 540.9999, -304.0000, 10.0000,  541.0000, -322.0000, 10.0000,  0, 0, 127
L 541.0000, -322.0000, 10.0000,  574.0000, -322.0000, 10.0000,  0, 0, 127
L 574.0000, -322.0000, 10.0000,  574.0000, -286.0000, 10.0000,  0, 0, 127
L 574.0000, -286.0000, 10.0000,  578.0000, -286.0000, 10.0000,  0, 0, 127
L 578.0000, -286.0000, 10.0000,  578.0000, -284.0000, 10.0000,  0, 0, 127
L 578.0000, -284.0000, 10.0000,  591.0000, -284.0000, 10.0000,  0, 0, 127
L 591.0000, -284.0000, 10.0000,  591.0000, -286.0000, 10.0000,  0, 0, 127
L 591.0000, -286.0000, 10.0000,  736.0000, -286.0000, 10.0000,  0, 0, 127
L 736.0000, -286.0000, 10.0000,  736.0000, -249.0000, 10.0000,  0, 0, 127
L 736.0000, -249.0000, 10.0000,  734.0000, -249.0000, 10.0000,  0, 0, 127
L 734.0000, -249.0000, 10.0000,  734.0000, -238.0000, 10.0000,  0, 0, 127
L 734.0000, -238.0000, 10.0000,  735.0000, -234.0000, 10.0000,  0, 0, 127
L 735.0000, -234.0000, 10.0000,  736.0000, -232.0000, 10.0000,  0, 0, 127
L 721.0000, -232.0000, 100.0000,  721.0000, -236.0000, 10.0000,  0, 0, 127
L 721.0000, -236.0000, 10.0000,  723.0000, -237.0000, 10.0000,  0, 0, 127
L 723.0000, -237.0000, 10.0000,  723.0000, -247.0000, 10.0000,  0, 0, 127
L 723.0000, -247.0000, 10.0000,  721.0000, -249.0000, 10.0000,  0, 0, 127
L 721.0000, -249.0000, 10.0000,  721.0000, -271.0000, 10.0000,  0, 0, 127
L 721.0000, -271.0000, 10.0000,  591.0000, -271.0000, 10.0000,  0, 0, 127
L 591.0000, -271.0000, 10.0000,  591.0000, -273.0000, 10.0000,  0, 0, 127
L 591.0000, -273.0000, 10.0000,  578.0000, -273.0000, 10.0000,  0, 0, 127
L 578.0000, -273.0000, 10.0000,  578.0000, -271.0000, 10.0000,  0, 0, 127
L 578.0000, -271.0000, 10.0000,  574.0000, -271.0000, 10.0000,  0, 0, 127
L 574.0000, -271.0000, 10.0000,  574.0000, -235.0000, 10.0000,  0, 0, 127
L 574.0000, -235.0000, 10.0000,  541.0000, -235.0000, 10.0000,  0, 0, 127
L 541.0000, -235.0000, 10.0000,  541.0000, -254.0377, 10.0000,  0, 0, 127
L 541.0000, -254.0377, 10.0000,  486.0000, -253.0000, 10.0000,  0, 0, 127
L 486.0000, -253.0000, 10.0000,  468.0000, -271.0000, 10.0000,  0, 0, 127
L 468.0000, -271.0000, 10.0000,  465.0000, -271.0000, 10.0000,  0, 0, 127
L 465.0000, -271.0000, 10.0000,  463.0000, -273.0000, 10.0000,  0, 0, 127
L 463.0000, -273.0000, 10.0000,  452.0000, -273.0000, 10.0000,  0, 0, 127
L 452.0000, -273.0000, 10.0000,  452.0000, -271.0000, 10.0000,  0, 0, 127
L 452.0000, -271.0000, 10.0000,  358.0000, -271.0000, 10.0000,  0, 0, 127
L 358.0000, -271.0000, 10.0000,  358.0000, -196.0000, 10.0000,  0, 0, 127
L 358.0000, -196.0000, 10.0000,  574.0000, -196.0000, 10.0000,  0, 0, 127
L 574.0000, -196.0000, 10.0000,  574.0000, -177.0000, 10.0000,  0, 0, 127
L 574.0000, -177.0000, 10.0000,  572.0000, -175.0000, 10.0000,  0, 0, 127
L 572.0000, -175.0000, 10.0000,  572.0000, -163.0000, 10.0000,  0, 0, 127
L 572.0000, -163.0000, 10.0000,  574.0000, -164.0000, 10.0000,  0, 0, 127
L 574.0000, -164.0000, 10.0000,  574.0000, -160.0000, 10.0000,  0, 0, 127
L 574.0000, -160.0000, 10.0000,  628.0000, -160.0000, 10.0000,  0, 0, 127
L 628.0000, -160.0000, 10.0000,  628.0000, -127.0000, 10.0000,  0, 0, 127
L 628.0000, -127.0000, 10.0000,  592.0000, -126.0000, 10.0000,  0, 0, 127
L 592.0000, -126.0000, 10.0000,  592.0000, -88.0000, 10.0000,  0, 0, 127
L 592.0000, -88.0000, 10.0000,  628.0000, -88.0000, 10.0000,  0, 0, 127
L 628.0000, -88.0000, 10.0000,  628.0000, -55.0000, 10.0000,  0, 0, 127
L 628.0000, -55.0000, 10.0000,  574.0000, -55.0000, 10.0000,  0, 0, 127
L 574.0000, -55.0000, 10.0000,  574.0000, -51.0000, 10.0000,  0, 0, 127
L 574.0000, -51.0000, 10.0000,  572.0000, -49.0000, 10.0000,  0, 0, 127
L 572.0000, -49.0000, 10.0000,  572.0000, -38.0000, 10.0000,  0, 0, 127
L 572.0000, -38.0000, 10.0000,  574.0000, -37.0000, 10.0000,  0, 0, 127
L 574.0000, -37.0000, 10.0000,  574.0000, -19.0000, 10.0000,  0, 0, 127
L 574.0000, -19.0000, 10.0000,  502.0000, -19.0000, 10.0000,  0, 0, 127
L 502.0000, -19.0000, 10.0000,  502.0000, 34.0000, 10.0000,  0, 0, 127
L 502.0000, 34.0000, 10.0000,  484.0000, 34.0000, 10.0000,  0, 0, 127
L 484.0000, 34.0000, 100.0000,  484.0000, 52.0000, 10.0000,  0, 0, 127
L 484.0000, 52.0000, 10.0000,  433.0000, 52.0000, 10.0000,  0, 0, 127
L 433.0000, 34.0000, 100.0000,  433.0000, 52.0000, 10.0000,  0, 0, 127
L 415.0000, 34.0000, 10.0000,  415.0000, 11.0000, 10.0000,  0, 0, 127
L 415.0000, 11.0000, 10.0000,  417.0000, 10.0000, 10.0000,  0, 0, 127
L 417.0000, -1.0000, 10.0000,  417.0000, 10.0000, 10.0000,  0, 0, 127
L 415.0000, 34.0000, 10.0000,  433.0000, 34.0000, 10.0000,  0, 0, 127
L 559.0000, -53.0000, 10.0000,  559.0000, -55.4540, 10.0000,  0, 0, 127
L 559.0000, -160.0000, 10.0000,  559.0000, -164.0000, 10.0000,  0, 0, 127
L 559.0000, -164.0000, 10.0000,  561.0000, -164.0000, 10.0000,  0, 0, 127
L 561.0000, -164.0000, 10.0000,  561.0000, -177.0000, 10.0000,  0, 0, 127
L 561.0000, -177.0000, 10.0000,  559.0000, -177.0000, 10.0000,  0, 0, 127
L 559.0000, -177.0000, 10.0000,  559.0000, -181.0000, 10.0000,  0, 0, 127
L 736.0000, -91.0000, 100.0000,  736.0000, -69.0000, 10.0000,  0, 0, 127
L 736.0000, -69.0000, 10.0000,  734.0000, -69.0000, 10.0000,  0, 0, 127
L 734.0000, -69.0000, 10.0000,  734.0000, -57.0000, 10.0000,  0, 0, 127
L 734.0000, -57.0000, 10.0000,  736.0000, -56.0000, 10.0000,  0, 0, 127
L 736.0000, -56.0000, 10.0000,  736.0000, -52.0000, 10.0000,  0, 0, 127
L 736.0000, -52.0000, 10.0000,  754.0000, -52.0000, 10.0000,  0, 0, 127
L 754.0000, -52.0000, 10.0000,  754.0000, 16.0000, 10.0000,  0, 0, 127
L 754.0000, 16.0000, 10.0000,  703.0000, 16.0000, 10.0000,  0, 0, 127
L 703.0000, 16.0000, 10.0000,  703.0000, -52.0000, 10.0000,  0, 0, 127
L 703.0000, -52.0000, 10.0000,  721.0000, -52.0000, 10.0000,  0, 0, 127
L 721.0000, -52.0000, 10.0000,  721.0000, -56.0000, 10.0000,  0, 0, 127
L 721.0000, -56.0000, 10.0000,  723.0000, -57.0000, 10.0000,  0, 0, 127
L 723.0000, -57.0000, 10.0000,  723.0000, -69.0000, 10.0000,  0, 0, 127
L 723.0000, -69.0000, 10.0000,  721.0000, -69.0000, 10.0000,  0, 0, 127
L 721.0000, -69.0000, 10.0000,  720.0000, -91.0000, 10.0000,  0, 0, 127
L 720.0000, -91.0000, 10.0000,  667.0000, -91.0000, 10.0000,  0, 0, 127
L 667.0000, -91.0000, 10.0000,  667.0000, -196.0000, 10.0000,  0, 0, 127
L 667.0000, -196.0000, 100.0000,  685.0000, -197.0000, 10.0000,  0, 0, 127
L 702.0000, -180.0000, 10.0000,  702.0000, -159.0000, 10.0000,  0, 0, 127
L 702.0000, -159.0000, 10.0000,  685.0000, -143.0000, 10.0000,  0, 0, 127
L 772.0000, -111.0000, 10.0000,  772.0000, -142.0000, 10.0000,  0, 0, 0
L 773.0588, -199.0588, 10.0000,  790.0000, -198.0000, 10.0000,  0, 0, 127
L 790.0000, -198.0000, 100.0000,  790.0000, -91.0000, 10.0000,  0, 0, 127
L 790.0000, -91.0000, 10.0000,  736.0000, -91.0000, 10.0000,  0, 0, 127
L 721.0000, -232.0000, 100.0000,  684.0000, -232.0000, 10.0000,  0, 0, 127
L 684.0000, -232.0000, 10.0000,  667.0000, -215.0000, 10.0000,  0, 0, 127
L 667.0000, -215.0000, 10.0000,  667.0000, -199.0000, 10.0000,  0, 0, 127
L 667.0000, -199.0000, 10.0000,  685.0000, -198.0000, 10.0000,  0, 0, 127
L 685.0000, -197.0000, 10.0000,  702.0000, -180.0000, 10.0000,  0, 0, 127
L 685.0000, -143.0000, 10.0000,  685.0000, -109.0000, 10.0000,  0, 0, 127
L 685.0000, -109.0000, 10.0000,  700.0000, -109.0000, 10.0000,  0, 0, 127
L 700.0000, -109.0000, 10.0000,  716.0000, -127.0000, 10.0000,  0, 0, 127
L 716.0000, -127.0000, 10.0000,  716.0000, -163.0000, 10.0000,  0, 0, 127
L 741.0000, -158.0000, 100.0000,  741.0000, -126.0000, 10.0000,  0, 0, 127
L 741.0000, -126.0000, 10.0000,  757.0000, -109.0000, 10.0000,  0, 0, 127
L 757.0000, -109.0000, 10.0000,  772.0000, -109.0000, 10.0000,  0, 0, 127
L 772.0000, -109.0000, 10.0000,  772.0000, -143.0000, 10.0000,  0, 0, 127
L 772.0000, -143.0000, 10.0000,  753.9500, -161.0500, 10.0000,  0, 0, 127
L 753.9500, -161.0500, 10.0000,  755.0000, -181.0000, 10.0000,  0, 0, 127
L 755.0000, -181.0000, 10.0000,  773.0588, -199.0588, 10.0000,  0, 0, 127
L 776.0000, -199.0000, 10.0000,  790.0000, -199.0000, 10.0000,  0, 0, 127
L 790.0000, -199.0000, 10.0000,  790.0000, -215.0000, 10.0000,  0, 0, 127
L 790.0000, -215.0000, 10.0000,  773.0000, -232.0000, 10.0000,  0, 0, 127
L 773.0000, -232.0000, 10.0000,  736.0000, -232.0000, 10.0000,  0, 0, 127
L 743.0000, -232.0000, 10.0000,  741.0000, -203.0000, 10.0000,  0, 0, 127
L 464.0000, -181.0000, 10.0000,  464.0000, -143.0000, 10.0000,  0, 0, 127
L -34.0000, 394.0000, 100.0000,  34.0000, 394.0000, 10.0000,  127, 0, 0
L 34.0000, 394.0000, 10.0000,  34.0000, 361.0000, 10.0000,  127, 0, 0
L 34.0000, 361.0000, 10.0000,  16.0000, 360.9999, 10.0000,  127, 0, 0
L -16.0000, 361.0000, 100.0000,  -34.0000, 361.0000, 10.0000,  127, 0, 0
L -34.0000, 361.0000, 10.0000,  -34.0000, 394.0000, 10.0000,  127, 0, 0
L -16.0000, 361.0000, 100.0000,  -16.0000, 343.0000, 10.0000,  127, 0, 0
L -16.0000, 343.0000, 10.0000,  1.0000, 343.0000, 10.0000,  127, 0, 0
L 1.0000, 343.0000, 10.0000,  1.0000, 339.0000, 10.0000,  127, 0, 0
L 3.0000, 326.0000, 10.0000,  1.0000, 326.0000, 10.0000,  127, 0, 0
L -16.0000, 234.0000, 10.0000,  0.0000, 217.0000, 10.0000,  127, 0, 0
L 0.0000, 217.0000, 10.0000,  17.0000, 217.0000, 10.0000,  127, 0, 0
L 17.0000, 217.0000, 10.0000,  35.0000, 235.0000, 10.0000,  127, 0, 0
L 35.0000, 235.0000, 10.0000,  180.0000, 235.0000, 10.0000,  127, 0, 0
L 180.0000, 235.0000, 10.0000,  198.9690, 216.0309, 10.0000,  127, 0, 0
L 199.0000, 51.0000, 100.0000,  200.0000, 51.0000, 10.0000,  127, 0, 0
L 201.0000, 38.0000, 10.0000,  199.3952, 38.0000, 10.0000,  127, 0, 0
L 199.0000, 38.0000, 10.0000,  199.0000, 35.0000, 10.0000,  0, 0, 0
L 181.0000, 34.0000, 10.0000,  181.0000, 16.5130, 10.0000,  127, 0, 0
L 124.0000, 16.0000, 10.0000,  124.0000, 53.0000, 10.0000,  127, 0, 0
L 124.0000, 53.0000, 10.0000,  53.0000, 124.0000, 10.0000,  127, 0, 0
L 53.0000, 124.0000, 10.0000,  -53.0000, 124.0000, 10.0000,  127, 0, 0
L -53.0000, 124.0000, 10.0000,  -124.0000, 53.0000, 10.0000,  127, 0, 0
L -124.0000, 53.0000, 10.0000,  -124.0000, 16.3165, 10.0000,  127, 0, 0
L -127.0000, 16.0000, 10.0000,  -142.0000, 16.0000, 10.0000,  0, 0, 0
L -163.0000, 8.5262, 10.0000,  -163.0000, 34.0000, 10.0000,  127, 0, 0
L -163.0000, 34.0000, 100.0000,  -196.0000, 34.0000, 10.0000,  127, 0, 0
L -196.0000, 34.0000, 10.0000,  -196.0000, 16.0000, 10.0000,  127, 0, 0
L -196.0000, 16.0000, 10.0000,  -235.0000, 17.0000, 10.0000,  127, 0, 0
L -235.0000, 17.0000, 10.0000,  -235.0000, 82.0000, 10.0000,  127, 0, 0
L -235.0000, 82.0000, 10.0000,  -237.0000, 82.0000, 10.0000,  127, 0, 0
L -237.0000, 82.0000, 10.0000,  -237.0000, 91.0000, 10.0000,  127, 0, 0
L -237.0000, 91.0000, 10.0000,  -217.0000, 91.0000, 10.0000,  127, 0, 0
L -217.0000, 91.0000, 10.0000,  -217.0000, 160.0000, 10.0000,  0, 0, 0
L -217.0000, 160.0000, 10.0000,  -268.0000, 160.0000, 10.0000,  127, 0, 0
L -268.0000, 160.0000, 10.0000,  -268.0000, 91.0000, 10.0000,  127, 0, 0
L -268.0000, 91.0000, 10.0000,  -248.0000, 91.0000, 10.0000,  127, 0, 0
L -248.0000, 91.0000, 100.0000,  -248.0000, 83.0000, 10.0000,  127, 0, 0
L -248.0000, 83.0000, 10.0000,  -250.0000, 82.0000, 10.0000,  127, 0, 0
L -250.0000, 91.0000, 10.0000,  -250.0000, 17.0000, 10.0000,  127, 0, 0
L -250.0000, 17.0000, 10.0000,  -251.0000, 16.0000, 10.0000,  0, 0, 0
L -251.0000, 16.0000, 10.0000,  -268.0000, 16.0000, 10.0000,  127, 0, 0
L -268.0000, 16.0000, 10.0000,  -268.0000, -16.0000, 10.0000,  127, 0, 0
L -268.0000, -16.0000, 10.0000,  -250.0000, -17.0000, 10.0000,  127, 0, 0
L -250.0000, -17.0000, 10.0000,  -250.0000, -252.0000, 10.0000,  127, 0, 0
L -250.0000, -252.0000, 10.0000,  -268.0000, -270.0000, 10.0000,  127, 0, 0
L -268.0000, -270.0000, 10.0000,  -268.0000, -287.0000, 10.0000,  127, 0, 0
L -268.0000, -287.0000, 10.0000,  -251.0000, -304.0000, 10.0000,  127, 0, 0
L -251.0000, -304.0000, 10.0000,  -234.0000, -304.0000, 10.0000,  127, 0, 0
L -234.0000, -304.0000, 10.0000,  -216.0000, -286.0000, 10.0000,  127, 0, 0
L -216.0000, -286.0000, 10.0000,  -69.0000, -286.0000, 10.0000,  127, 0, 0
L -69.0000, -286.0000, 10.0000,  -68.0000, -284.0000, 10.0000,  127, 0, 0
L -68.0000, -284.0000, 10.0000,  -56.0000, -284.0000, 10.0000,  127, 0, 0
L -56.0000, -284.0000, 10.0000,  -56.0000, -286.0000, 10.0000,  127, 0, 0
L -56.0000, -286.0000, 10.0000,  -53.0000, -286.0000, 10.0000,  127, 0, 0
L -53.0000, -286.0000, 10.0000,  -35.0000, -304.0000, 10.0000,  127, 0, 0
L -35.0000, -304.0000, 10.0000,  34.0000, -304.0000, 10.0000,  127, 0, 0
L 34.0000, -304.0000, 10.0000,  34.0000, -253.0000, 10.0000,  127, 0, 0
L 34.0000, -253.0000, 10.0000,  -35.0000, -253.0000, 10.0000,  127, 0, 0
L -35.0000, -253.0000, 10.0000,  -53.0000, -271.0000, 10.0000,  127, 0, 0
L -53.0000, -271.0000, 10.0000,  -56.0000, -271.0000, 10.0000,  127, 0, 0
L -56.0000, -271.0000, 10.0000,  -57.0000, -273.0000, 10.0000,  127, 0, 0
L -57.0000, -273.0000, 10.0000,  -68.0000, -273.0000, 10.0000,  127, 0, 0
L -68.0000, -273.0000, 10.0000,  -69.0000, -271.0000, 10.0000,  127, 0, 0
L -69.0000, -271.0000, 10.0000,  -216.0000, -271.0000, 10.0000,  127, 0, 0
L -216.0000, -271.0000, 10.0000,  -235.0000, -252.0000, 10.0000,  127, 0, 0
L -235.0000, -252.0000, 10.0000,  -235.0000, -16.0000, 10.0000,  127, 0, 0
L -235.0000, -16.0000, 10.0000,  -196.0000, -16.0000, 10.0000,  127, 0, 0
L -196.0000, -16.0000, 10.0000,  -196.0000, -34.0000, 10.0000,  127, 0, 0
L -196.0000, -34.0000, 10.0000,  -163.0000, -34.0000, 10.0000,  127, 0, 0
L -163.0000, -34.0000, 10.0000,  -163.0000, -8.0000, 10.0000,  127, 0, 0
L -163.0000, -8.0000, 10.0000,  -143.0000, -8.0000, 10.0000,  127, 0, 0
L -143.0000, -8.0000, 100.0000,  -142.0000, -16.0000, 10.0000,  127, 0, 0
L -142.0000, -16.0000, 10.0000,  -124.0000, -16.9474, 10.0000,  127, 0, 0
L -124.0000, -16.9474, 10.0000,  -124.0000, -53.0000, 10.0000,  127, 0, 0
L -124.0000, -53.0000, 10.0000,  -53.0000, -124.0000, 10.0000,  127, 0, 0
L -53.0000, -124.0000, 10.0000,  53.0000, -124.0000, 10.0000,  127, 0, 0
L 53.0000, -124.0000, 100.0000,  124.0000, -53.0000, 10.0000,  127, 0, 0
L 124.0000, -53.0000, 10.0000,  124.0000, -16.0000, 10.0000,  127, 0, 0
L 124.0000, -16.0000, 10.0000,  142.4314, -16.0000, 10.0000,  127, 0, 0
L 142.0572, -8.0000, 10.0000,  163.0000, -8.0000, 10.0000,  127, 0, 0
L 163.0000, -8.0000, 10.0000,  163.0000, -16.5108, 10.0000,  127, 0, 0
L 181.6227, -34.0000, 10.0000,  217.0000, -34.0000, 10.0000,  127, 0, 0
L 217.0000, -34.0000, 10.0000,  217.0000, -38.0000, 10.0000,  127, 0, 0
L 217.0000, -38.0000, 10.0000,  219.0000, -39.0000, 10.0000,  127, 0, 0
L 219.0000, -39.0000, 10.0000,  219.0000, -51.0000, 10.0000,  127, 0, 0
L 219.0000, -51.0000, 10.0000,  217.0000, -52.0000, 10.0000,  127, 0, 0
L 217.0000, -52.0000, 10.0000,  217.0000, -124.0000, 10.0000,  127, 0, 0
L 217.0000, -124.0000, 10.0000,  304.0000, -124.0000, 10.0000,  127, 0, 0
L 304.3900, -70.0000, 10.0000,  322.0000, -70.0000, 10.0000,  127, 0, 0
L 322.0000, -70.0000, 10.0000,  322.0000, -19.0000, 10.0000,  127, 0, 0
L 322.0000, -19.0000, 10.0000,  271.3912, -19.0000, 10.0000,  127, 0, 0
L 271.0000, -19.0000, 10.0000,  271.0000, -52.0000, 10.0000,  0, 0, 0
L 232.0000, -108.4985, 10.0000,  232.0000, -51.0000, 10.0000,  127, 0, 0
L 232.0000, -51.0000, 10.0000,  230.0000, -49.0000, 10.0000,  127, 0, 0
L 230.0000, -49.0000, 10.0000,  230.0000, -38.0000, 10.0000,  127, 0, 0
L 230.0000, -38.0000, 10.0000,  232.0000, -38.0000, 10.0000,  127, 0, 0
L 232.0000, -38.0000, 10.0000,  232.0000, 34.0000, 10.0000,  127, 0, 0
L 232.0000, 34.0000, 10.0000,  214.0000, 34.0000, 10.0000,  127, 0, 0
L 214.0000, 34.0000, 10.0000,  214.0000, 38.0000, 10.0000,  127, 0, 0
L 214.0000, 38.0000, 10.0000,  212.0000, 38.0000, 10.0000,  127, 0, 0
L 212.0000, 38.0000, 10.0000,  212.0000, 49.0000, 10.0000,  127, 0, 0
L 212.0000, 49.0000, 10.0000,  214.0000, 51.0000, 10.0000,  127, 0, 0
L 214.0000, 51.0000, 10.0000,  214.0000, 216.0000, 10.0000,  127, 0, 0
L 214.0000, 216.0000, 10.0000,  232.0000, 234.0000, 10.0000,  127, 0, 0
L 232.0000, 234.0000, 10.0000,  232.0000, 251.0000, 10.0000,  127, 0, 0
L 232.0000, 251.0000, 10.0000,  215.0000, 268.0000, 10.0000,  127, 0, 0
L 215.0000, 268.0000, 10.0000,  198.0000, 268.0000, 10.0000,  127, 0, 0
L 198.0000, 268.0000, 10.0000,  179.0000, 250.0000, 10.0000,  127, 0, 0
L 179.0000, 250.0000, 10.0000,  35.0000, 250.0000, 10.0000,  127, 0, 0
L 35.0000, 250.0000, 10.0000,  16.0000, 269.0000, 10.0000,  127, 0, 0
L 16.0000, 269.0000, 10.0000,  16.0000, 360.9999, 10.0000,  127, 0, 0
L 14.4662, 338.2331, 10.0000,  16.0000, 339.0000, 10.0000,  127, 0, 0
L 1.0000, 339.0000, 10.0000,  3.0000, 338.0000, 10.0000,  127, 0, 0
L 3.0000, 338.0000, 10.0000,  3.0000, 326.0000, 10.0000,  127, 0, 0
L 2.0000, 326.0000, 10.0000,  1.0000, 326.0000, 10.0000,  0, 0, 0
L 1.0000, 326.0000, 10.0000,  1.0000, 269.0000, 10.0000,  127, 0, 0
L 1.0000, 269.0000, 10.0000,  -16.0000, 251.0000, 10.0000,  127, 0, 0
L -16.0000, 251.0000, 10.0000,  -16.0000, 234.0000, 10.0000,  127, 0, 0
L 180.0000, 235.0000, 10.0000,  181.0000, 234.0000, 10.0000,  0, 0, 0
L 199.0000, 51.0000, 10.0000,  200.0000, 51.0000, 10.0000,  0, 0, 0
L 200.0000, 51.0000, 10.0000,  201.0000, 49.0000, 10.0000,  127, 0, 0
L 201.0000, 49.0000, 10.0000,  201.0000, 38.0000, 10.0000,  127, 0, 0
L 199.0000, 38.0000, 10.0000,  199.0000, 36.0000, 10.0000,  0, 0, 0
L 199.4203, 34.0000, 10.0000,  181.0000, 34.0000, 10.0000,  127, 0, 0
L 163.0000, 16.5146, 10.0000,  163.0000, 8.0000, 10.0000,  127, 0, 0
L 163.0000, 8.0000, 10.0000,  142.8847, 8.0000, 10.0000,  127, 0, 0
L 199.0000, 36.0000, 10.0000,  199.0000, 38.0000, 10.0000,  0, 0, 0
L 199.0000, 53.0000, 10.0000,  199.0000, 51.0000, 10.0000,  0, 0, 0
L -143.1372, -541.2250, 0.0020,  -146.4507, -541.4851, 0.0020,  0, 0, 127
L -146.4507, -541.4851, 0.0020,  -147.1196, -543.2592, 0.0020,  0, 0, 127
L -147.1196, -543.2592, 0.0020,  -157.7431, -543.3039, 0.0020,  0, 0, 127
L -157.7431, -543.3039, 0.0020,  -162.0110, -540.1812, 0.0020,  0, 0, 127
L -163.4225, -574.2957, 0.0020,  -163.3891, -556.2953, 0.0020,  0, 0, 127
L -163.3891, -556.2953, 0.0020,  -159.4228, -556.2961, 0.0030,  0, 0, 127
L -159.4228, -556.2961, 0.0030,  -159.2957, -554.4626, 0.0020,  0, 0, 127
L -159.2957, -554.4626, 0.0020,  -153.6634, -553.1573, 0.0020,  0, 0, 127
L -153.6634, -553.1573, 0.0020,  -143.8451, -554.0645, 0.0020,  0, 0, 127
L -143.8451, -554.0645, 0.0020,  -143.6896, -555.6431, 0.0020,  0, 0, 127
L -143.6896, -555.6431, 0.0020,  -142.0000, -557.8873, 0.0020,  0, 0, 127
L 16.0000, -296.3530, 0.0020,  22.7828, -296.1936, 0.9485,  0, 0, 127
L 22.7828, -296.1936, 0.9485,  23.4857, -304.3905, 3.1241,  0, 0, 127
L -217.3916, 91.4541, -161.9355,  -217.3916, 160.4521, -143.9355,  127, 0, 0
L -124.0000, 16.3165, -197.5516,  -142.4520, 16.5146, -197.9042,  127, 0, 0
L -142.4520, 16.5146, -197.9042,  -142.4727, 8.4602, -197.9042,  127, 0, 0
L -142.4727, 8.4602, -197.9042,  -163.0000, 8.5262, -197.9042,  127, 0, 0
L 142.0572, -8.0000, -197.9043,  142.4314, -16.0000, -197.9043,  127, 0, 0
L 142.4521, -16.4428, -197.9043,  142.4521, -16.4428, -197.9043,  127, 0, 0
L 180.7646, -16.6702, -197.9042,  181.6227, -34.0000, -195.8880,  127, 0, 0
L 163.0000, -16.5108, -197.9042,  180.7646, -16.6702, -197.9042,  127, 0, 0
L 142.8847, 8.0000, -197.9042,  142.4787, 16.0000, -197.9042,  127, 0, 0
L 163.0000, 16.5146, -197.9042,  181.0000, 16.5130, -197.9042,  127, 0, 0
L 199.3952, 38.0000, -197.9042,  199.4203, 34.0000, -197.9042,  127, 0, 0
L 198.9690, 216.0309, -161.9355,  199.3912, 51.4547, -197.9042,  127, 0, 0
L 16.5146, 326.3900, -125.9355,  14.2238, 326.5024, -125.9355,  127, 0, 0
L 14.2238, 326.5024, -125.9355,  14.4662, 338.2331, -125.9355,  127, 0, 0
L 232.0000, -108.4985, -197.9042,  289.3533, -108.1960, -179.9355,  127, 0, 0
L 289.3684, -70.8164, -179.9355,  289.3533, -108.1960, -179.9355,  127, 0, 0
L 289.3684, -70.8164, -179.9355,  271.3919, -70.4838, -179.9355,  127, 0, 0
L 271.3916, -70.4838, -179.9355,  271.3912, -19.0000, -197.9042,  127, 0, 0
L 304.3902, -124.4525, -175.1038,  304.3900, -70.0000, -179.9355,  127, 0, 0
L 15.9027, -52.0000, 0.5513,  16.6023, -67.3977, 0.7784,  0, 0, 127
L -191.2092, -89.0850, 20.9059,  -191.4782, -107.0000, 34.1534,  0, 0, 127
L -303.3600, -1.4854, 18.7602,  -303.5453, -3.0000, 18.2231,  0, 0, 127
L -303.3600, -1.4851, 18.0030,  -307.0000, -1.6039, 18.2879,  0, 0, 127
L -499.0000, 88.4877, 18.4799,  -523.0000, 88.2094, 18.0030,  0, 0, 127
L -484.3774, 73.0000, 18.4428,  -484.6723, 52.0000, 18.8860,  0, 0, 127
L -465.0000, 70.4633, 18.0020,  -469.0000, 70.7380, 18.0777,  0, 0, 127
L -645.2346, 37.4853, 18.9078,  -700.2336, 37.4849, 18.3838,  0, 0, 127
L -700.2336, 37.4849, 18.1751,  -700.2340, 106.4832, 18.0029,  0, 0, 127
L -700.2340, 106.4832, 18.2411,  -649.0000, 106.4834, 18.0294,  0, 0, 127
L -645.2350, 37.4847, 18.2344,  -645.2349, 39.0000, 18.5071,  0, 0, 127
L 61.0000, 427.6861, 0.2225,  52.8672, 427.6861, 1.1896,  0, 0, 127
L 52.8672, 427.6861, 1.0940,  52.5314, 430.0000, 0.3387,  0, 0, 127
L 109.4543, 430.0000, 0.0030,  109.4539, 539.5460, 0.0020,  0, 0, 127
L 99.0761, 466.6032, 0.0020,  108.9128, 466.6656, 0.0020,  0, 0, 127
L 16.0000, 558.6958, -0.1412,  9.9944, 552.0333, -1.4535,  0, 0, 127
L -92.0000, 560.7424, 0.0020,  -105.0000, 560.9686, 0.0020,  0, 0, 127
L -73.0000, 414.8620, 0.0020,  -61.0197, 414.7354, 0.0020,  0, 0, 127
L -72.8604, 558.9999, 0.0020,  -72.8601, 430.9211, 0.0020,  0, 0, 127
L -89.0771, 451.0000, 0.0020,  -89.0771, 394.9518, 0.0020,  0, 0, 127
L -72.8601, 430.9211, 0.0020,  -61.4605, 430.9209, 0.0020,  0, 0, 127
L -89.0771, 394.9518, 0.0020,  -196.0000, 394.9524, 0.0020,  0, 0, 127
L -127.0000, 342.7667, 0.0020,  -198.6986, 342.7662, 0.0020,  0, 0, 127
L -180.8293, 358.9521, 0.0020,  -143.0459, 358.9521, 0.0020,  0, 0, 127
L -143.0459, 358.9521, 0.0020,  -143.0459, 378.7352, 0.0020,  0, 0, 127
L -143.0459, 378.7352, 0.0020,  -180.8289, 378.7354, 0.0020,  0, 0, 127
L -180.8289, 378.7354, 0.0020,  -180.8293, 358.9521, 0.0020,  0, 0, 127
L 17.1081, 343.0000, 10.0029,  17.1085, 325.0000, 10.0020,  0, 0, 127
L -16.0000, 342.7665, 8.0030,  -37.0000, 342.7661, 2.0020,  0, 0, 127
L 37.0000, 708.6122, 0.0020,  39.5289, 708.6563, 0.0020,  0, 0, 127
L 39.5289, 708.6563, 0.0020,  39.6710, 700.0000, 0.0020,  0, 0, 127
L 53.0771, 709.0000, 0.0020,  53.0777, 738.6093, 0.0020,  0, 0, 127
L 124.0000, 738.6104, -17.9980,  53.0777, 738.6093, -17.9980,  0, 0, 127
L 72.8604, 702.6104, 0.0020,  72.5153, 738.4227, 0.0020,  0, 0, 127
L 89.0241, 718.0000, 0.0020,  89.1828, 738.1396, 0.0020,  0, 0, 127
L 72.8604, 702.6104, 0.0020,  217.0000, 702.6099, 0.0020,  0, 0, 127
L 304.9834, 573.9999, 0.0020,  304.9836, 520.0000, 0.0020,  0, 0, 127
L 160.0000, 16.5149, 19.0134,  111.1400, 16.5149, 18.9467,  0, 0, 127
L 111.1400, 16.5149, 18.8532,  111.7673, -16.5145, 18.0293,  0, 0, 127
L 111.7673, -16.5145, 18.7046,  160.4524, -16.5149, 19.4054,  0, 0, 127
L 160.4521, -5.0000, 19.0814,  160.4524, -16.5149, 18.0030,  0, 0, 127
L 189.4225, -88.0000, 28.9235,  189.4226, -102.4830, 36.8263,  0, 0, 127
L 206.4207, -102.4832, 37.9000,  206.4211, -88.0000, 33.3355,  0, 0, 127
P 729.1968, -10.2917, 18.7830,  0, 0, 0,  2,  TL_to_zone_in
P 568.1982, -316.2408, 18.0020,  0, 0, 0,  2,  Ground:_Blood_Encrusted_Glove
P 208.9270, 17.1082, 18.0020,  0, 0, 0,  2,  Fake_wall_from_south
P 80.4763, 735.9134, 0.0020,  0, 0, 0,  2,  Fake_wall
P 37.5911, 0.0333, 0.3984,  0, 0, 0,  3,  east_door_=_trap
P -2.3480, -30.9309, -3.6290,  0, 0, 0,  1,  North_is_part_1
P 9.2638, -291.2711, 0.0020,  0, 0, 0,  2,  rug_=_trap
P -112.2072, -4.3851, 18.0020,  0, 0, 0,  1,  west_is_part_2
P -233.9168, 139.6367, 18.0723,  0, 0, 0,  2,  carpet_=_trap
P 294.3379, -38.8161, 19.7172,  0, 0, 0,  2,  rug_=_TRAP_pit
P 9.1529, -142.0958, 18.0042,  0, 0, 0,  2,  Named:_The_Golem_Master
P -97.7770, -347.6431, 0.0020,  0, 0, 0,  2,  Ground:_Sacrificial_Robe_Clasp
P -206.2138, -331.3180, 0.0020,  0, 0, 0,  2,  Ground:_Dismembered_Finger
P -166.8014, -367.9562, 0.0020,  0, 0, 0,  2,  Key:_Sacrificial_Robe_Clasp
P -158.2432, -548.4254, 0.0020,  0, 0, 0,  2,  Key:_Sacrifical_Robe_Clasp
P -106.0329, -528.7574, 0.0020,  0, 0, 0,  2,  Named:_Ghost_of_Mera
P -8.3086, -639.2574, -17.9980,  0, 0, 0,  2,  TL_to_zone_in
P 18.9108, -292.9045, -179.9355,  0, 0, 0,  2,  Named:_Gandan_Tailfist
P -198.6432, -109.4539, 36.0744,  0, 0, 0,  2,  Fake_wall
P -295.0569, 241.9599, 18.1805,  0, 0, 0,  2,  Named:_Sentient_Bile
P -291.1223, 267.0059, 18.7130,  0, 0, 0,  2,  Ground:_Skull-engraved_Coin
P -498.8590, 80.7491, 18.4682,  0, 0, 0,  2,  Key:_Skull-engraved_Coin
P -622.6360, 144.5488, 18.0923,  0, 0, 0,  2,  Ground:_Dismembered_Thumb
P -674.8851, 80.5838, 18.7960,  0, 0, 0,  2,  Teleport_to_ZI
P -595.5170, 143.6130, 18.6234,  0, 0, 0,  3,  Named_for_south_wing_key_spawn_here????
P 104.8906, 198.1900, 35.0391,  0, 0, 0,  2,  Fake_wall
P 137.2665, 390.2496, 0.0020,  0, 0, 0,  2,  Named:_Embalming_Fluid
P 108.4630, 458.7326, 0.0020,  0, 0, 0,  2,  Fake_wall
P 77.8687, 567.4333, 0.0020,  0, 0, 0,  2,  Ground:_Coin_Depicting_Innoruuk
P -33.1316, 566.5830, 1.7124,  0, 0, 0,  2,  Shrink_here
P -96.9374, 567.1641, 0.0020,  0, 0, 0,  2,  Key:_Coin_Depicting_innoruuk
P -151.3689, 566.8428, 0.0020,  0, 0, 0,  2,  Ground:_Mutilated_Forearm
P -0.9864, 404.7012, 10.0020,  0, 0, 0,  2,  rug_=_trap
P 46.4335, 700.5958, 0.0020,  0, 0, 0,  2,  Key:_???_from_The_Spectre_Spiritualist_in_this_room?
P 103.7356, 764.4888, -17.9980,  0, 0, 0,  2,  TL_to_zone_in
P 197.0277, -106.4010, 36.9672,  0, 0, 0,  2,  Fake_wall
