P -841.8145, 59.7885, 13.3828,  127, 0, 0,  3,  Gatekeepers_(Guards)
P -1286.6271, 225.6336, 14.0148,  0, 0, 127,  3,  Innkeepers
P -2388.7891, -491.8989, -34.6515,  0, 0, 127,  3,  Fishing_Supplies
P -834.0102, 577.8926, 6.3988,  0, 0, 127,  2,  General_Vendor
P -2430.2388, 151.9929, -33.5050,  0, 0, 127,  3,  Innkeepers
P 304.8452, -168.5678, 20.5693,  0, 0, 127,  3,  Innkeepers
P 1420.8568, 349.9366, 55.6101,  127, 0, 0,  3,  Guards_&_Innkeeper
P 2754.4836, -121.0906, 5.9458,  127, 0, 0,  3,  Guards_&_Innkeeper
P -1783.0000, -223.0000, 34.8555,  240, 0, 0,  3,  Wizard_Portal
P -3666.2107, -1192.8379, 48.9533,  0, 240, 0,  3,  to_Kithicor_Forest
P 2407.8469, 2139.4060, 52.3964,  0, 240, 0,  2,  to_North_Ro
P 2471.0630, -1286.6799, 86.3633,  0, 240, 0,  2,  to_Nektulos_Forest
P 4065.4146, -291.3683, 20.6514,  0, 240, 0,  2,  to_West_Freeport
P 2538.6057, 1725.1993, 34.1150,  0, 0, 127,  3,  LDoN_camp
P 2518.7915, 1585.7302, 33.6739,  0, 127, 0,  2,  RushkaDeklamoor_(Spells)
P 2541.0308, 1568.9436, 34.1313,  0, 127, 127,  2,  Entock_Malso_(Tomes)
P 2643.7964, 1564.8618, 34.3842,  0, 127, 0,  2,  Palil_Agrolm_(Spells)
P 2678.0637, 1579.9561, 37.1027,  0, 127, 0,  2,  Tallik_Jaggedfire_(Spells)
P 2691.1523, 1590.2871, 36.5064,  0, 0, 0,  2,  Bubar_(General_Vendor)
P 2706.4219, 1737.8104, 38.2474,  240, 0, 0,  3,  Soulbinder
P 2826.2771, 1802.3406, 38.7295,  0, 127, 127,  2,  Celni_Pawfoot_(Beastlord_Tomes)
P 2823.4824, 1834.2394, 38.1631,  0, 127, 127,  2,  Voris_Flatblade_(Warrior_Tomes
P 2801.0701, 1871.9171, 38.5900,  0, 127, 127,  2,  Badoo_Zumlar_(Berserker_Tomes)
P 2772.5088, 1861.4246, 39.0567,  0, 127, 127,  2,  Xernic_Gutner_(Rogue_Tomes)
P 2782.8462, 1889.0745, 38.7772,  0, 127, 127,  2,  Elin_Lightblade_(paladin_Tomes)
P 2769.9009, 1904.4573, 39.2281,  0, 127, 127,  2,  Grishna_Vriensa_(Berserker_Tomes)
P 2756.1541, 1924.9799, 38.8257,  0, 127, 127,  2,  Cedric_Bramblethorn_(Ranger_Tomes)
P 2614.3210, 1970.6443, 39.3493,  127, 127, 0,  2,  Almon_Juliao_(Task_Master)
P 2595.7693, 1965.5322, 39.3254,  0, 127, 127,  2,  Wilno_Lilin_(Monk_Tomes)
P 2613.8843, 1948.5798, 38.7457,  0, 127, 127,  2,  Olin_Helni_(Shadow_Knight_Tomes)
P 2396.5403, 1870.4480, 38.4407,  240, 0, 0,  3,  Emissary_of_Shadowrest
P -1610.9745, -744.3869, -41.1157,  240, 0, 0,  3,  Druid_Portal
P -1606.4337, -710.2399, -37.8989,  0, 127, 0,  2,  Druid_Spells
P -1036.2435, 1156.6748, 41.1299,  0, 240, 0,  3,  Befallen
P 770.0997, -944.6472, -2.1404,  0, 0, 127,  3,  Innkeepers
P 1369.0316, -913.0853, -7.0162,  0, 0, 127,  3,  Orc_1
P 195.8310, -702.6917, 23.7217,  0, 0, 127,  3,  Orc_2
P -1060.6573, -817.4925, 31.5566,  0, 0, 127,  3,  Undead
P -1437.9670, -1064.3903, 64.1426,  0, 0, 240,  3,  Derv_Camp
P -2156.6587, -1189.2240, 30.1681,  0, 0, 127,  3,  Bandit_Camp
P -3140.7556, -1080.2899, 20.9771,  0, 0, 127,  3,  Orc_3
P 1286.3475, 1005.5654, 25.1044,  0, 0, 127,  3,  Undead
