P -1247.3086, 508.4934, -34.9219,  240, 0, 0,  2,  Corathus_Infector
P -1025.2455, 533.9781, -59.4273,  240, 0, 0,  2,  Oozing_Corathus
P -435.9218, -162.2963, -50.1616,  240, 0, 0,  2,  Creep_Reaper_Toiler
P -1157.4810, 719.1158, -35.0023,  240, 240, 0,  3,  Instanced_Zone_2
P -628.7961, -451.0704, -32.4548,  240, 240, 0,  3,  Instanced_Zone_1
P -1574.0945, 148.0617, -106.8310,  240, 240, 0,  3,  Undershore_(Water)
P -918.9761, 818.9476, -59.4347,  240, 240, 0,  3,  Instanced_Zone_3
P -289.6805, 869.2920, -49.2900,  0, 0, 240,  2,  Tisthal_Gimblecranz
P -241.7836, 739.9694, -49.2899,  0, 0, 240,  2,  Bellfast
P -301.2575, 791.0592, -49.2899,  0, 0, 240,  2,  Treddlehoop
P -373.5614, 767.0852, -49.2899,  0, 0, 240,  2,  Brovil_Pallivineg
P -380.5067, 704.9338, -49.2899,  0, 0, 240,  2,  Mazil_Hibbinap
P -329.6147, 441.7473, -10.7674,  0, 127, 0,  2,  Switch_Billingsley
P 120.1578, 386.8552, -62.8090,  240, 240, 0,  3,  Nektulos_Forest
P -492.6845, 661.3517, -32.2147,  0, 0, 240,  2,  Rogue_Freemind_Sporali
P -227.6311, 319.3014, -13.2900,  0, 127, 0,  2,  Advisor_Scrapshaft
P -409.4354, 292.4428, -13.2901,  0, 127, 0,  2,  Gnomework_Inventor_Snizzlefriz
P -433.3327, 172.8731, -13.2898,  0, 127, 0,  2,  Explorer_Coggak
P -261.6934, 168.1857, -13.2898,  0, 127, 0,  2,  Salvager_Garbit
P -1011.4598, 424.8591, -59.3807,  240, 0, 0,  2,  Vernon
P -826.5969, 629.7864, -59.4275,  240, 0, 0,  2,  Reeking_Corathus
P -1339.5863, 202.4256, -66.4102,  240, 0, 0,  2,  Squirmsnare
P -903.8250, 84.4043, -60.9274,  240, 0, 0,  2,  Slink
P -598.5222, 487.3691, -11.4273,  240, 0, 0,  2,  Scuttlebucket
P -354.8389, 36.6458, -49.2935,  240, 0, 0,  2,  Magiken
P -823.6104, -87.4349, -49.2901,  240, 0, 0,  2,  Stingswarm
P -162.9328, 264.6176, -13.2901,  0, 127, 0,  2,  Excavator_Gizo
P -170.2854, 276.5669, -13.2901,  0, 127, 0,  2,  Excavator_Gazo
P -175.4599, 306.3627, -13.2901,  0, 0, 240,  2,  Banker
P -165.1166, 310.5746, -13.2901,  0, 0, 240,  2,  Banker
P -198.0788, 296.0594, -13.2901,  0, 127, 0,  2,  Cartographier_Slipgear
P -197.6214, 287.1429, -13.2901,  0, 127, 0,  2,  Navigator_Hobbeson
P -148.8563, 337.7379, -13.2899,  0, 0, 240,  2,  Merchant
P -192.7688, 368.0107, -13.2899,  0, 0, 240,  2,  Merchant
P -210.5172, 365.6048, -13.2899,  0, 0, 240,  2,  Merchant
P -35.1695, 2.8055, -33.2899,  240, 240, 0,  2,  Whisper_Springs
P -386.7937, -225.9356, -62.3376,  240, 0, 0,  2,  Creep_Reaper_Toiler
P -328.4525, -180.7417, -49.2898,  240, 0, 0,  2,  Creep_Reaper_Toiler
P -374.7233, 778.8887, -49.2899,  0, 127, 0,  2,  Model_XG_CVIII
P -1610.4753, 2.1449, -76.4066,  240, 240, 0,  3,  Undershore_(Drop)
P -296.2553, 729.0142, -49.2899,  240, 240, 0,  2,  Crash_Site_of_Expedition_328
P -1495.0082, 141.0388, -101.5400,  240, 240, 0,  2,  White_Snake_Falls
P -1204.5149, 594.8839, -34.9377,  240, 240, 0,  2,  Edge_of_the_Coarthus_Veins
P -938.6341, 299.8578, -59.4275,  240, 240, 0,  2,  Sporali_Mindspore_Traps
