P -158.0000, 644.0000, 0.0000,  255, 255, 255,  2,  Succor_Point
P -114.8474, 163.5496, 84.9457,  127, 0, 0,  2,  Orc_Trainer
P -118.8645, 212.1991, 80.1875,  0, 0, 0,  3,  Trainer_Hill
P 95.1710, 78.4268, 0.0010,  0, 0, 0,  3,  North_Wall
P 316.6941, -94.5957, 0.0010,  0, 0, 0,  2,  Safe_Spot
P 213.2895, -134.7011, -13.2234,  0, 0, 0,  2,  Slaver_Pits
P 150.7148, -238.0462, 0.0010,  127, 0, 0,  2,  Orc_Taskmaster
P 134.6569, -270.2243, -31.6618,  0, 240, 240,  2,  Retlon_Brenclog
P -25.2458, -161.5104, 18.2734,  127, 0, 0,  2,  Lord_Darish
P -106.4676, -154.4583, 16.0956,  0, 0, 0,  2,  Throne_Room
P 67.6499, -86.1213, 30.0010,  0, 0, 0,  2,  Tower_(Multiple_Spawns)
P -751.0571, -83.7946, -20.9990,  0, 0, 0,  1,  Elven_Priest
P -751.0571, -83.7946, -20.9990,  0, 240, 240,  2,  Elven_Priest
P -755.9592, -42.2753, -20.9990,  0, 240, 240,  2,  Dwarven_Smith
P -395.3073, -0.3431, -16.9940,  127, 0, 0,  2,  Rondo_Dunfire
P -426.4999, -73.9699, -16.9990,  0, 0, 0,  2,  Slaver_Caves
P -325.9316, -268.7709, 0.0010,  127, 0, 0,  2,  The_Prophet
