P -643.1501, -1619.3674, 29.9888,  240, 0, 0,  2,  Trolgar_the_Tremendous_(orc)
P -837.1357, -1661.6829, 25.3057,  0, 0, 240,  2,  Dwarven_catipult_camp
P -903.0923, -3008.4202, -40.1062,  0, 0, 240,  2,  Illsalin_Catipult_camp
P -757.2469, -2420.7949, -19.2704,  0, 0, 240,  2,  Goblins,_Trolls_&_Orcs
P -687.6584, -2370.3479, -15.5802,  0, 0, 240,  2,  Savage_Fury_Gribfiend_(troll)
P -1886.5098, -931.5610, 7.9093,  0, 0, 240,  2,  Goblin_&_Orc_camp
P -3125.3303, -1827.2423, 9.0570,  0, 0, 240,  2,  Kobold_camp
P -2223.0278, -3089.5754, 79.3242,  0, 0, 0,  2,  camp
P -1644.2339, -2879.2063, 40.3131,  0, 0, 240,  2,  Vah_Shir_camp
P -1780.5880, -3293.6348, 39.5708,  0, 0, 0,  2,  camp
P -1387.0000, -296.0000, 52.1289,  240, 0, 0,  3,  Zone_in_from_PoK
P -2365.5100, -2672.4438, 22.9339,  240, 0, 0,  2,  Ragewind
P -2490.0002, -1554.5001, 39.4003,  0, 0, 240,  2,  werewolf_camp
P -1544.8392, -2532.7429, 39.9435,  0, 0, 0,  2,  Ballista_camp
P -2461.7554, -2522.8162, 39.9955,  0, 0, 240,  2,  Catipults_-_Orcs_&_Goblins
P -2130.1001, -1564.6078, 39.3629,  240, 0, 0,  2,  Dren_the_Outcast
P -1125.7308, -1331.1217, 10.3727,  240, 0, 0,  2,  Nydiran_the_Unrelenting_(Dragon)
P -1160.4365, -1283.8270, 9.3689,  240, 0, 0,  2,  (melees_for_10k+_/_hit)
P -1565.7197, -860.7357, 3.1209,  0, 0, 240,  2,  Savage_Fury_Lars_Hanagar_(barbarian)
P -1782.4751, -676.8018, 1.4416,  0, 0, 240,  2,  Commander_Iszdulor_(Illsalin)
P -1589.9341, -1014.1620, 0.2253,  0, 127, 0,  2,  Open_area_-_Battlefield
P -1428.3405, -997.8295, -1.4225,  240, 240, 240,  2,  radiating_banners
P -1425.5239, -966.3066, -1.4595,  240, 240, 240,  2,  casts_Fufil's_Curtailing_Chant_spell
