P 13.0000, 1258.0000, 36.0000,  240, 0, 0,  2,  Druid_port_spells
P 316.0000, -3039.0000, 374.0000,  0, 0, 0,  2,  Jenray
P -489.0000, -2675.0000, 374.0000,  0, 0, 0,  2,  Hammerfist_the_Champion
P -1275.0000, -1434.0000, 389.0000,  0, 0, 0,  2,  Axxanderan`s_Animated_Reamins_(wanders)
P -1251.0000, -1685.0000, 402.0000,  0, 0, 0,  2,  Severan_the_Direwind_Caller_(Raid)
P -728.0000, -2033.0000, 374.0000,  0, 0, 0,  2,  Pyre_Lord_Narseekin_(Raid)
P 1043.0000, -962.0000, 375.0000,  0, 0, 0,  2,  Zhubis_the_griffin_Tamer_(Quests)
P 663.0000, 940.0000, 253.0000,  0, 0, 0,  2,  kluno_orenbrew
P -1297.0000, 1542.0000, -101.0000,  0, 0, 0,  2,  carrion_piles
P -1131.0000, 1567.0000, -99.0000,  0, 0, 0,  2,  carrionmancer_marrowrot
P -464.0000, 1388.0000, 201.0000,  0, 0, 0,  2,  Ghostfeather
P -1367.0000, 284.0000, -50.0000,  0, 0, 0,  1,  TRAP
P -1270.0000, 233.0000, -49.0000,  0, 0, 0,  1,  TRAP
P -1142.0000, 225.0000, -49.0000,  0, 0, 0,  1,  TRAP
P 83.0000, -842.0000, -3.0000,  0, 0, 0,  1,  TRAP
P 145.0000, -694.0000, 13.0000,  0, 0, 0,  2,  Son_of_Severan
P 126.0000, -627.0000, 8.0000,  0, 0, 0,  1,  TRAP
P 328.0000, -647.0000, 10.0000,  0, 0, 0,  1,  TRAP
P 224.0000, -637.0000, 9.0000,  0, 0, 0,  2,  Direwind_Current
P -268.0000, -1044.0000, 0.0000,  0, 0, 0,  2,  Koda_(wanders)
P -399.0000, 22.0000, 64.0000,  0, 0, 0,  2,  Arakeen
P -17.0000, 1279.0000, 37.0000,  0, 0, 0,  2,  stone_henge_(3_quest_givers)
P 584.0000, -2955.0000, 375.0000,  0, 0, 0,  2,  Telgrith
P 1577.0000, -162.0000, 217.0000,  0, 0, 0,  2,  Renagarhn
P -314.0000, -1908.0000, 52.0000,  0, 0, 0,  2,  TRAP
P 222.0000, -1865.0000, 34.0000,  0, 0, 0,  2,  Deathshed_(wanders)
P 254.0000, -1933.0000, 33.0000,  0, 0, 0,  2,  TRAP
P 1031.0000, -1430.0000, 17.0000,  0, 0, 0,  2,  TRAP
P 1143.0000, -1798.0000, 38.0000,  0, 0, 0,  2,  Psilocide
P 1027.0000, -2002.0000, 34.0000,  0, 0, 0,  2,  TRAP
P 343.0000, -1901.0000, 37.0000,  0, 0, 0,  2,  Moldmaster_Gangii
P -1095.0000, -1547.0000, 32.0000,  0, 0, 0,  2,  TRAP
P -801.0000, -1939.0000, 15.0000,  0, 0, 0,  2,  TRAP_-_darkroot_spore
P 749.0000, -1743.0000, 36.0000,  0, 0, 0,  2,  TRAP_-_Darkroot_Spore
P 1420.0000, -1032.0000, 10.0000,  0, 0, 0,  2,  wintersong_the_black_oak_(raid)
P 1268.0000, -641.0000, 305.0000,  0, 0, 0,  2,  Bollbaru_the_Witch
P 773.0000, 833.0000, 226.0000,  0, 0, 0,  2,  Darkenfin
P 509.0000, 758.0000, 179.0000,  0, 0, 0,  2,  supply_crates
P 504.0000, 620.0000, 177.0000,  0, 0, 0,  2,  shadowpaw
P -1258.0000, 319.0000, -35.0000,  0, 0, 0,  2,  direwind_current
P -514.0000, 922.0000, 75.0000,  255, 0, 255,  2,  Map_by_Latan_(Saryrn)
P -58.0000, -3315.0000, 834.0000,  0, 240, 0,  3,  To_Ashengate
P 512.0000, 2213.0000, 100.0000,  0, 240, 0,  3,  To_Sunderock_Springs
P 681.0000, -2384.0000, 394.0000,  0, 0, 0,  2,  (Fall)_in_from_ashengate
P 997.0000, 1620.0000, 0.0000,  0, 0, 0,  2,  Scouts_(quests)
P 1366.0000, 1550.0000, 2.0000,  0, 0, 0,  2,  captain_orzhok
P 719.0000, 719.0000, 0.0000,  0, 0, 0,  2,  Denlord_Ezak
P 1261.0000, -1594.0000, 378.0000,  0, 0, 0,  2,  gatekeeper_kor
P 535.0000, -2836.0000, 375.0000,  0, 0, 0,  2,  captain_orenu_urulump
P 112.0000, -2965.0000, 374.0000,  0, 0, 0,  2,  scribe_nurel_uralu
P 844.0000, -119.0000, 147.0000,  0, 0, 0,  2,  blademaster_zerralok
P -13.0000, 1307.0000, 35.0000,  0, 240, 240,  2,  great_circle_of_stones
P 644.0000, 812.0000, 0.0000,  0, 240, 240,  2,  den_of_wolves
P -464.0000, 1382.0000, 197.0000,  0, 240, 240,  2,  perch_of_ghostfeather
P 503.0000, 1123.0000, 4.0000,  240, 0, 0,  3,  SK_/_Nec_Spells
P 612.0000, 1127.0000, 4.0000,  0, 240, 240,  2,  great_waterfall
P -244.0000, -1056.0000, 0.0000,  0, 240, 240,  2,  bear_valley
