P -165.1000, -3283.6001, 16.0000,  0, 255, 255,  3,  Merci's_Feeding_Pit_(KOS)
P -17.4000, -3294.6001, 15.0000,  0, 255, 0,  2,  Alitattis_the_Drinker
P -47.7000, -3454.7000, 21.0000,  255, 0, 0,  2,  FAKE_RUG
P -203.1000, -3022.2000, 81.0000,  0, 255, 255,  3,  The_Laboratory_(KOS)
P -0.2000, -2947.5000, 97.0000,  0, 255, 255,  3,  Ball_Room
P -22.9000, -2745.1001, 97.0000,  0, 255, 0,  2,  Mr._Smotts
P -30.9000, -3434.7000, 97.0000,  0, 255, 0,  2,  Melion_Pell
P 0.2000, -3486.1001, 99.9000,  0, 255, 255,  3,  Dining_Room
P -1350.0000, 1031.1000, -575.3000,  255, 255, 255,  3,  The_Hive
P -523.5000, 1281.5000, -427.5000,  0, 255, 0,  2,  Chattering_Bonewalker
P -13.5000, 886.3000, -314.3000,  0, 255, 255,  3,  The_Batspire
P 6.3000, 909.3000, -314.3000,  0, 255, 0,  2,  Arturos
P -251.9000, -2647.6001, 125.0000,  0, 255, 255,  3,  Secret_Panel
P 252.5000, -2986.0000, 100.1000,  0, 255, 255,  3,  Library
P 80.7000, 1.7000, -527.9000,  255, 255, 255,  3,  To_1
P 181.4000, -2701.6001, 125.0000,  255, 255, 255,  3,  Zone_out
P -41.9000, -2775.8000, -201.8000,  255, 255, 255,  3,  Zone_out
P -280.7000, -3013.1001, -54.2000,  0, 255, 255,  3,  locked
P 198.0000, -3071.8000, 97.0000,  0, 255, 255,  3,  secret_wall
P -307.3000, -2517.5000, 125.0000,  0, 255, 255,  3,  secret_doors
P -0.5000, -149.0000, -1358.2000,  0, 255, 0,  3,  Vule
P -36.6000, -22.2000, -1295.2000,  0, 255, 0,  3,  100_Eyes
