P -1945.7662, -740.8748, -267.9052,  240, 0, 0,  1,  The_KIng_;-)
P -160.0086, 575.7859, -175.9364,  240, 0, 0,  1,  Cave_Guardian_Prehtil
P -226.1091, 488.3174, -175.9364,  240, 0, 0,  1,  Ice_Adept_Amozik
P -114.0620, -1149.7290, 0.0010,  240, 0, 0,  1,  Named_Spider
P 181.6992, -2.2871, -143.9365,  240, 0, 0,  1,  Whip_Cracker_Krazzim
P 195.4375, 105.6795, -160.9365,  240, 0, 0,  1,  Earth_Mystic_Gedak
P -193.7545, -92.9889, -191.9365,  240, 0, 0,  1,  Stone_Crook_Piklo
P -227.9394, -367.9684, -175.9365,  240, 0, 0,  1,  Bone_Caller_Nathid
P -290.0000, -1375.0000, 0.0000,  255, 255, 255,  2,  Succor_Point
P 919.0000, 1319.0000, 0.0000,  255, 255, 255,  2,  Mines_of_Nurga
P -376.0000, -1412.0000, 0.0000,  255, 255, 255,  2,  Frontier_Mountains
P -100.0000, 1300.0000, 0.0000,  0, 0, 0,  2,  Mines_of_Nurga
P -300.0000, -1400.0000, 0.0000,  0, 0, 0,  2,  Frontier_Mountains
P 844.5061, -206.4509, -175.9365,  240, 0, 0,  1,  Moss_Knight_Yortal
P 1064.7990, -173.4782, -175.9365,  240, 0, 0,  1,  Slinker_Ukal
P 822.8129, 360.7150, -175.9365,  240, 0, 0,  1,  Blood_Ritualist_Taprom
P 623.8936, 481.6832, -175.9365,  240, 0, 0,  1,  Stalag_Trooper_Biamas
P 954.3936, 363.5777, -175.9365,  240, 0, 0,  1,  Flame_Adept_Verdalix
P 1401.6046, 300.4257, -175.9365,  240, 0, 0,  1,  Dirt_Defender_Gropp
P 526.2906, 872.7561, -175.9365,  240, 0, 0,  1,  Stone_Seer_Kaigek
P -1027.1292, 642.7372, -191.9365,  240, 0, 0,  1,  Death_Ritualist_Stromik
P -384.4659, 240.1630, -207.9052,  240, 0, 0,  1,  Rock_Sneak_Nrillip
P -1053.9279, 2.4596, -255.9052,  240, 0, 0,  1,  Jailor_Maufan
P -1608.4080, -126.7048, -255.9052,  240, 0, 0,  1,  Flame_Master_Japel
P -2015.4816, 464.7302, -351.8427,  240, 0, 0,  1,  Ice_Master_Cialin
P -2110.4114, 579.1801, -335.8739,  240, 0, 0,  1,  Dust_Hoodlum_Heaprit
P -1942.5220, -627.3288, -223.9052,  240, 0, 0,  1,  Earth_Seer_Gamolk
P -541.1164, -317.9196, -191.9365,  240, 0, 0,  1,  Magic_Adept_Xabok
P -567.5919, -53.3544, -191.9365,  240, 0, 0,  1,  Bone_Trooper__Grolin
P -1785.1367, 31.8195, -271.9052,  240, 0, 0,  1,  BOne_Caster_Fizzik
P 294.0364, -233.9870, -175.9365,  240, 0, 0,  1,  Bone_Knight_Runri
P 100.6687, -379.7317, -142.9364,  240, 0, 0,  1,  Dirt_Criminal__Vakov
