P 861.8926, 103.9968, 1.0010,  0, 0, 0,  2,  Warehouse
P 1132.7688, 278.3553, 1.0010,  0, 0, 0,  2,  Warehouse
P 580.0290, 736.8347, -3.9270,  0, 0, 0,  2,  Shark_pool
P 104.4622, 1126.3900, -31.9990,  0, 0, 0,  2,  Stormwave
P 1791.7670, -291.2705, -27.9964,  0, 0, 0,  2,  Oceancrasher
P 1749.0931, -628.8734, -27.9903,  0, 0, 0,  2,  Windscorn
P 1792.5947, 245.1039, -27.9901,  0, 0, 0,  2,  Dandolaks_Run
P 1094.8828, 1090.7876, -30.9990,  0, 0, 0,  2,  Lady_Dirulia
P 649.0000, -171.0000, 0.0000,  0, 0, 0,  2,  Mines_Ladder
P -502.0000, -553.0000, 0.0000,  0, 0, 0,  2,  Gulf_of_Gunthak
P 581.0000, -787.0000, 0.0000,  0, 0, 0,  2,  Torgiran_Mines
