P 8016.4033, 3096.3716, 698.5143,  0, 0, 0,  3,  to_High_Hold_Pass
P 2399.0000, 3790.0000, -47.4977,  0, 0, 0,  3,  Sharna_(Merchant)
P 12.0000, 886.0000, 10.3109,  0, 0, 0,  3,  Bryan_(Fletcher)
P 137.0000, 891.0000, 11.1575,  0, 0, 0,  3,  Julie_(Merchant)
P 99.0000, 856.0000, 11.1575,  0, 0, 0,  3,  Bradly_(Merchant)
P 194.0000, 732.0000, 5.3252,  0, 0, 0,  3,  Paulina_(Merchant)
P -839.8384, -5.5216, -36.8740,  0, 0, 0,  3,  to_Northern_Planes_of_Karana
P 79.8918, -14.1653, 0.4698,  0, 0, 0,  3,  Mile_Marker
P -212.3095, 24.3272, 0.8069,  0, 0, 0,  3,  Mile_Marker
P -394.5800, -1356.2255, -2.1172,  0, 0, 0,  3,  Druid_Circle
P 2267.7957, -3094.1780, 89.4586,  0, 0, 0,  3,  to_the_Gorge_of_King_Xorbb
P 2677.0000, -1529.0000, 1.2259,  0, 0, 0,  3,  Tanrak_(Weapons)
P 2722.0000, -1328.0000, 6.1444,  0, 0, 0,  3,  Balthazar_(Merchant)
P 2757.0000, -1306.0000, 6.1444,  0, 0, 0,  3,  Lucetta_(Merchant)
P 2645.0000, -1228.0000, 4.5534,  0, 0, 0,  3,  Stace_(Merchant)
P 2634.0000, -1198.0000, 4.5534,  0, 0, 0,  3,  Sorn_(Merchant)
P 2503.0000, -1309.0000, 6.8220,  0, 0, 0,  3,  Silvia_(Tailor)
