P 50.4503, 1003.1705, -2.0143,  0, 0, 0,  3,  to_Shadow_Haven
P -287.8780, 1284.8514, -40.5225,  0, 0, 0,  3,  Elevator
P 404.9998, -1226.8251, -46.4990,  0, 0, 0,  3,  Galeron_(GM_Warrior)
P 305.0000, -1169.0000, -15.4990,  0, 0, 0,  3,  Norfin_(GM_Shadowknight)
P 364.0003, -1093.4485, -20.4990,  0, 0, 0,  3,  Prasor_(GM_Rogue)
P 463.0000, -1512.0000, -23.4990,  0, 0, 0,  3,  Nochtar_(GM_Necromancer)
P 462.0000, -1528.0000, -23.4990,  0, 0, 0,  3,  Celerik_(GM_Wizard)
P 461.0000, -1496.0000, -23.4990,  0, 0, 0,  3,  Yurian_(GM_Magician)
P 555.0000, -1542.0000, -23.4990,  0, 0, 0,  3,  Wirgus_(GM_Enchanter)
P 273.0000, -1739.0000, -47.4990,  0, 0, 0,  3,  Kelador_(GM_Necromancer)
P 846.0000, -1609.0000, -40.4990,  0, 0, 0,  3,  Teropalig_(GM_Cleric)
P -230.0000, 747.7278, 32.6759,  0, 0, 0,  3,  Trace_(Tinkerer)
P 403.3228, -1124.2814, -47.7490,  0, 0, 0,  3,  Pelinor_(Weapons)
P 877.9240, -1587.8979, -41.7490,  0, 0, 0,  3,  Horoal_(Spells)
P 753.1572, -1599.2399, -41.7490,  0, 0, 0,  3,  Falos_(Spells)
P 912.9906, -1313.9789, -67.7490,  0, 0, 0,  3,  Saerlsam_(Bar)
P 849.3086, -1408.0417, -67.7490,  0, 0, 0,  3,  Olowakn_(Merchant)
P 791.6683, -1337.5493, -67.7490,  0, 0, 0,  3,  Pugidlar_(Jewelry)
P 541.1456, -1319.7935, -80.7490,  0, 0, 0,  3,  Solsain_(Gems)
P 614.5515, -1385.7928, -80.7490,  0, 0, 0,  3,  Rasl_(Merchant)
P 769.0407, -1605.7130, -41.7490,  0, 0, 0,  3,  Kacheoa_(Spells)
P 894.7561, -1601.1505, -41.7490,  0, 0, 0,  3,  Drible_(Baking)
P 888.9084, -829.0811, -32.3740,  0, 0, 0,  3,  to_Shadow_Haven
P -1025.0000, -1145.0000, -126.4990,  0, 0, 0,  3,  to_Fungus_Grove
P -1587.2021, 1736.1866, 123.9775,  0, 0, 0,  3,  to_The_Deep
