P -647.0000, -703.0000, 3.7510,  0, 0, 0,  3,  Nolusia_(GM_Enchanter)
P -829.0000, -689.0000, -12.2485,  0, 0, 0,  3,  Judge_(Merchant)
P -832.0000, -590.0000, -12.2487,  0, 0, 0,  3,  Vall_(Merchant)
P -829.0000, -667.0000, -12.2487,  0, 0, 0,  3,  Tan_(Merchant)
P -780.0000, -745.0000, -12.2487,  0, 0, 0,  3,  Sparlus_(Merchant)
P -834.0000, -764.0000, -12.2487,  0, 0, 0,  3,  Sahana_(Bank)
P -834.0000, -783.0000, -12.2486,  0, 0, 0,  3,  Wick_(Bank)
P -856.0000, -726.0000, -12.2488,  0, 0, 0,  3,  Tyrena_(Bank)
P -598.0000, -784.0000, -12.2481,  0, 0, 0,  3,  Anite_(Gems)
P -552.0000, -731.0000, -12.2486,  0, 0, 0,  3,  Sothure_(Jewelry)
P -574.0000, -631.0000, -12.2487,  0, 0, 0,  3,  Glysin_(Gems)
P -574.0000, -667.0000, -12.2487,  0, 0, 0,  3,  Elsbin_(Gems)
P -597.0000, -697.0000, -12.2488,  0, 0, 0,  3,  Myrcin_(Gems)
P -539.0000, -661.0000, -12.2484,  0, 0, 0,  3,  Sharin_(Alchemy)
P -777.0000, -810.0000, 35.7510,  0, 0, 0,  3,  Whes_(GM_Wizard)
P -805.0000, -727.0000, 35.7510,  0, 0, 0,  3,  Toresian_(GM_Enchanter)
P -804.0000, -718.0000, 35.7510,  0, 0, 0,  3,  Raskena_(GM_Wizard)
P -804.0000, -703.0000, 35.7510,  0, 0, 0,  3,  Telor_(Spells)
P -921.0000, -711.0000, 51.7197,  0, 0, 0,  3,  Dalles_(GM_Magician)
P -904.0000, -713.0000, 67.7197,  0, 0, 0,  3,  Vasile_(GM_Magician)
P -912.0000, -742.0000, 84.7197,  0, 0, 0,  3,  Reba_(GM_Magician)
P -919.0000, -744.0000, 84.7197,  0, 0, 0,  3,  Markus_(GM_Magician)
P -917.1710, -717.5319, 35.7510,  0, 0, 0,  3,  Magician_Guild
P -744.0000, -917.0000, 51.7197,  0, 0, 0,  3,  Josper_(GM_Wizard)
P -712.0000, -887.0000, 84.7197,  0, 0, 0,  3,  Ghanlin_(GM_Wizard)
P -735.5317, -887.9821, 35.7510,  0, 0, 0,  3,  Wizard_Guild
P -744.0000, -509.0000, 51.7197,  0, 0, 0,  3,  Nikina_(GM_Enchanter)
P -776.0000, -537.0000, 84.7197,  0, 0, 0,  3,  Lanken_(GM_Enchanter)
P -746.7542, -529.2246, 35.7510,  0, 0, 0,  3,  Enchanter_Guild
P -806.9345, -712.0956, 0.6260,  0, 0, 0,  3,  to_Erudin
