P 422.0000, 1064.0000, 67.7197,  0, 0, 0,  3,  Dleria_(GM_Cleric)
P 374.0000, 1031.0000, 67.7197,  0, 0, 0,  3,  Issibla_(Spells)
P 369.0000, 1115.0000, 67.7197,  0, 0, 0,  3,  Mikeana_(GM_Cleric)
P 417.0000, 1066.0000, 51.7197,  0, 0, 0,  3,  Kathar_(Spells)
P 398.0000, 1070.0000, 51.7197,  0, 0, 0,  3,  Ghemna_(Weapons)
P 399.0000, 1109.0000, 51.7197,  0, 0, 0,  3,  Laoni_(GM_Paladin)
P 182.0275, 1554.2932, -47.3427,  0, 0, 0,  3,  to_Toxxulia_Forest
P 61.0000, 1156.0000, 67.7197,  0, 0, 0,  3,  Luren_(Merchant)
P 85.1195, 1001.4160, 67.7197,  0, 0, 0,  3,  Brew_Barrel
P 88.0000, 906.0000, 51.7197,  0, 0, 0,  3,  Reihan_(Merchant)
P 133.9513, 921.3698, 51.7197,  0, 0, 0,  3,  Kiln
P 78.0000, 994.0000, 51.7197,  0, 0, 0,  3,  Borge_(Merchant)
P 122.4364, 893.4063, 51.7197,  0, 0, 0,  3,  Oven
P 159.0000, 899.0000, 51.7197,  0, 0, 0,  3,  Monita_(Tailor)
P 263.1522, 737.9687, 52.7197,  0, 0, 0,  3,  Erud_Forge
P 286.0000, 709.0000, 51.7197,  0, 0, 0,  3,  Jagen_(Armor)
P 246.0000, 683.0000, 52.7197,  0, 0, 0,  3,  Shinan_(Smith)
P 101.0000, 689.0000, 52.7197,  0, 0, 0,  3,  Demicla_(Tailor)
P 106.0000, 754.0000, 52.7197,  0, 0, 0,  3,  Galbasi_(Tailor)
P 55.0000, 115.0000, 39.7510,  0, 0, 0,  3,  Soulbinder
P -109.0000, -136.0000, 19.7510,  0, 0, 0,  3,  Beth_(Baking)
P -96.0000, -232.0000, 19.7510,  0, 0, 0,  3,  Nerth_(Merchant)
P 5.0000, -230.0000, 20.3760,  0, 0, 0,  3,  Kisrin_(Merchant)
P 241.5017, 1070.9728, 52.3447,  0, 0, 0,  3,  Spell_Merchants
P 298.4552, 1160.3235, 51.7197,  0, 0, 0,  3,  Oven
P 330.0000, 1176.0000, 51.7197,  0, 0, 0,  3,  Geoard_(Bar)
P 333.0000, 1186.0000, 51.7197,  0, 0, 0,  3,  Helia_(Baking)
P 308.8912, 1214.3904, 51.7197,  0, 0, 0,  3,  Brew_Barrel
P 183.3912, 644.8335, 69.3447,  0, 0, 0,  3,  to_Erudin_Palace
P 91.0000, 649.0000, 67.7197,  0, 0, 0,  3,  Lereana_(GM_Cleric)
P 77.0000, 621.0000, 67.7197,  0, 0, 0,  3,  Stella_(Weapons)
P 55.9115, 715.8038, 67.7197,  0, 0, 0,  3,  Spell_Merchants
P 41.0000, 643.0000, 67.7197,  0, 0, 0,  3,  Depnar_(GM_Paladin)
P 71.0000, 682.0000, 67.7197,  0, 0, 0,  3,  Cipse_(GM_Cleric)
P 89.0000, 724.0000, 67.7197,  0, 0, 0,  3,  Reklon_(GM_Paladin)
P 277.5883, 644.6472, 64.5947,  0, 0, 0,  3,  to_Erudin_Docks
P 7.0635, 328.6424, 27.1260,  0, 0, 0,  3,  to_Erudin_City
