P 510.0000, 2995.0000, 0.0000,  255, 255, 0,  2,  Blackburrow
P 6700.0000, -1700.0000, 0.0000,  255, 255, 0,  2,  Permafrost
P 6350.0000, -3200.0000, 0.0000,  255, 255, 255,  2,  Secret_Tunnel
P 4000.0000, -3164.0000, 0.0000,  255, 255, 255,  2,  Underwater_Entrance
P 3900.0000, -3900.0000, 0.0000,  255, 255, 255,  2,  Lich's_Cave
P 3305.0000, -2940.0000, 0.0000,  255, 255, 255,  2,  Shaman_Spell_Vendor
P 2293.0000, -3126.0000, 0.0000,  255, 255, 255,  2,  Ice_Comet_Quest_Npc
P 5392.0000, -557.0000, 0.0000,  255, 255, 255,  2,  Giant_Statue
P 5275.0000, -1122.0000, 0.0000,  255, 255, 255,  2,  Redwind
P -591.0000, -3700.0000, 0.0000,  255, 255, 0,  2,  Halas
P -629.0000, -3139.0000, 0.0000,  255, 255, 255,  2,  Succor_Point
P 5054.0000, -1840.0000, -64.0000,  240, 0, 0,  3,  Wayfarer_Camp
P 5447.0000, 865.0000, 184.0000,  240, 0, 0,  3,  Shimmering_Portal_(LDoN)
P 4697.0000, -2755.0000, -105.0000,  240, 0, 0,  3,  Snowy_Mine_(LDoN)
