P -1267.0000, -975.0000, -18.5302,  0, 0, 0,  3,  Fugla_(Fletcher)
P -1234.0000, -1005.0000, -18.5302,  0, 0, 0,  3,  Smith_Merchants
P -117.0000, -1182.0000, -4.5561,  0, 0, 0,  3,  Bup_(Baking)
P -1444.0000, -1144.0000, -18.2456,  0, 0, 0,  3,  Gub_(Merchant)
P 145.0000, -1144.0000, 0.4475,  0, 0, 0,  3,  Morpa_(Merchant)
P 138.0000, -1129.0000, -0.1133,  0, 0, 0,  3,  Murga_(Tailor)
P -840.0000, -1000.0000, 21.8654,  0, 0, 0,  3,  Klob_(Merchant)
P -1451.0000, -1054.0000, -21.2433,  0, 0, 0,  3,  Kogg_(Fishing)
P 1836.0764, -393.2710, 12.2603,  0, 0, 0,  3,  Druid_Circle
P 160.0000, -870.0000, -7.6250,  0, 0, 0,  3,  Knowledge_Portal
P -905.3384, -1450.8674, 68.8036,  0, 0, 0,  3,  to_Oggok
P -3438.9824, -359.0319, 0.0010,  0, 0, 0,  3,  to_Rathe_Mountains
P -2602.1106, 2385.8677, 23.0707,  0, 0, 0,  3,  to_Plane_of_Fear
P 106.0549, 1462.0371, 47.9385,  0, 0, 0,  3,  to_Temple_of_Cazic_Thule
P 3122.1072, 1134.3544, -12.3427,  0, 0, 0,  3,  to_Innothule_Swamp
