P 579.6132, -630.5638, 3.7510,  0, 0, 0,  3,  Magician_Guild
P 471.6003, -502.2161, 3.7510,  0, 0, 0,  3,  Wizard_Guild
P 777.2138, -554.1885, 3.7510,  0, 0, 0,  3,  Enchanter_Guild
P 834.0000, -244.0000, -10.8740,  0, 0, 0,  3,  to_Northern_Felwithe
P 774.7396, -450.0048, -7.3740,  0, 0, 0,  3,  Tyslin_(Jewelry)
P 802.7076, -447.3360, -7.3740,  0, 0, 0,  3,  Yisasan_(Potions)
P 839.0000, -556.0000, 0.6260,  0, 0, 0,  3,  Kinool_(GM_Enchanter)
P 788.5381, -443.7728, -7.3740,  0, 0, 0,  3,  Loom
P 872.0000, -436.0000, -7.3740,  0, 0, 0,  3,  Moonthread_(Tailor)
P 601.0000, -462.0000, 16.6260,  0, 0, 0,  3,  Yuin_(GM_Enchanter)
P 599.0000, -795.0000, 0.6260,  0, 0, 0,  3,  Niola_(GM_Magician)
P 409.0000, -507.0000, -3.3740,  0, 0, 0,  3,  Tarker_(GM_Wizard)
