L 1870.0000, -574.0000, 108.0000,  1870.0000, -622.0000, 108.0000,  0, 0, 0
L 1820.0000, -574.0000, 108.0000,  1870.0000, -574.0000, 108.0000,  240, 0, 123
L 1787.0000, -574.0000, 120.0000,  1820.0000, -574.0000, 108.0000,  0, 0, 0
L 1787.0000, -575.0000, 120.0000,  1787.0000, -574.0000, 120.0000,  0, 0, 0
L 1870.0000, -622.0000, 108.0000,  1787.0000, -622.0000, 120.0000,  0, 0, 0
L -777.0000, 532.0000, 7.0000,  -699.0000, 532.0000, 7.0000,  0, 0, 0
L -777.0000, 516.0000, 6.0000,  -777.0000, 532.0000, 7.0000,  0, 0, 0
L -820.0000, 517.0000, 23.0000,  -777.0000, 516.0000, 6.0000,  0, 0, 0
L -820.0000, 541.0000, 22.0000,  -820.0000, 517.0000, 23.0000,  0, 0, 0
L -914.0000, 541.0000, 22.0000,  -820.0000, 541.0000, 22.0000,  0, 0, 0
L -914.0000, 356.0000, 31.0000,  -914.0000, 541.0000, 22.0000,  0, 0, 0
L -898.0000, 355.0000, 31.0000,  -914.0000, 356.0000, 31.0000,  0, 0, 0
L -898.0000, 314.0000, 46.0000,  -898.0000, 355.0000, 31.0000,  0, 0, 0
L -990.0000, 314.0000, 56.0000,  -898.0000, 314.0000, 46.0000,  0, 0, 0
L -990.0000, 324.0000, 55.0000,  -990.0000, 314.0000, 56.0000,  0, 0, 0
L -974.0000, 324.0000, 55.0000,  -990.0000, 324.0000, 55.0000,  0, 0, 0
L -974.0000, 402.0000, 55.0000,  -974.0000, 324.0000, 55.0000,  0, 0, 0
L -990.0000, 403.0000, 55.0000,  -974.0000, 402.0000, 55.0000,  0, 0, 0
L -989.0000, 445.0000, 71.0000,  -990.0000, 403.0000, 55.0000,  0, 0, 0
L -965.0000, 445.0000, 72.0000,  -989.0000, 445.0000, 71.0000,  0, 0, 0
L -965.0000, 539.0000, 72.0000,  -965.0000, 445.0000, 72.0000,  0, 0, 0
L -1150.0000, 539.0000, 84.0000,  -965.0000, 539.0000, 72.0000,  0, 0, 0
L -1151.0000, 523.0000, 84.0000,  -1150.0000, 539.0000, 84.0000,  0, 0, 0
L -1190.0000, 523.0000, 84.0000,  -1151.0000, 523.0000, 84.0000,  0, 0, 0
L -1190.0000, 502.0000, 105.0000,  -1190.0000, 523.0000, 84.0000,  0, 0, 0
L -1200.0000, 502.0000, 105.0000,  -1190.0000, 502.0000, 105.0000,  0, 0, 0
L -1200.0000, 619.0000, 105.0000,  -1200.0000, 502.0000, 105.0000,  0, 0, 0
L -1454.0000, 619.0000, 105.0000,  -1200.0000, 619.0000, 105.0000,  0, 0, 0
L -1454.0000, 365.0000, 105.0000,  -1454.0000, 619.0000, 105.0000,  0, 0, 0
L -1200.0000, 365.0000, 105.0000,  -1454.0000, 365.0000, 105.0000,  0, 0, 0
L -1200.0000, 482.0000, 105.0000,  -1200.0000, 365.0000, 105.0000,  0, 0, 0
L -1190.0000, 482.0000, 105.0000,  -1200.0000, 482.0000, 105.0000,  0, 0, 0
L -1190.0000, 461.0000, 82.0000,  -1190.0000, 482.0000, 105.0000,  0, 0, 0
L -1150.0000, 460.0000, 82.0000,  -1190.0000, 461.0000, 82.0000,  0, 0, 0
L -1150.0000, 445.0000, 82.0000,  -1150.0000, 460.0000, 82.0000,  0, 0, 0
L -1052.0000, 444.0000, 70.0000,  -1150.0000, 445.0000, 82.0000,  0, 0, 0
L -1053.0000, 402.0000, 58.0000,  -1052.0000, 444.0000, 70.0000,  0, 0, 0
L -1068.0000, 402.0000, 58.0000,  -1053.0000, 402.0000, 58.0000,  0, 0, 0
L -1068.0000, 324.0000, 58.0000,  -1068.0000, 402.0000, 58.0000,  0, 0, 0
L -1052.0000, 323.0000, 58.0000,  -1068.0000, 324.0000, 58.0000,  0, 0, 0
L -1052.0000, 313.0000, 58.0000,  -1052.0000, 323.0000, 58.0000,  0, 0, 0
L -1077.0000, 313.0000, 58.0000,  -1052.0000, 313.0000, 58.0000,  0, 0, 0
L -1077.0000, 219.0000, 58.0000,  -1077.0000, 313.0000, 58.0000,  0, 0, 0
L -811.0000, 219.0000, 51.0000,  -1077.0000, 219.0000, 58.0000,  0, 0, 0
L -811.0000, 313.0000, 51.0000,  -811.0000, 219.0000, 51.0000,  0, 0, 0
L -836.0000, 314.0000, 51.0000,  -811.0000, 313.0000, 51.0000,  0, 0, 0
L -835.0000, 356.0000, 33.0000,  -836.0000, 314.0000, 51.0000,  0, 0, 0
L -820.0000, 356.0000, 33.0000,  -835.0000, 356.0000, 33.0000,  0, 0, 0
L -819.0000, 454.0000, 25.0000,  -820.0000, 356.0000, 33.0000,  0, 0, 0
L -777.0000, 453.0000, 10.0000,  -819.0000, 454.0000, 25.0000,  0, 0, 0
L -777.0000, 438.0000, 10.0000,  -777.0000, 453.0000, 10.0000,  0, 0, 0
L -699.0000, 438.0000, 10.0000,  -777.0000, 438.0000, 10.0000,  0, 0, 0
L -130.0000, -535.0000, 102.0000,  -130.0000, -498.0000, 98.0000,  0, 0, 0
L -52.0000, -535.0000, 102.0000,  -130.0000, -535.0000, 102.0000,  0, 0, 0
L -51.0000, -519.0000, 102.0000,  -52.0000, -535.0000, 102.0000,  0, 0, 0
L -12.0000, -519.0000, 102.0000,  -51.0000, -519.0000, 102.0000,  0, 0, 0
L -12.0000, -498.0000, 122.0000,  -12.0000, -519.0000, 102.0000,  0, 0, 0
L -3.0000, -498.0000, 122.0000,  -12.0000, -498.0000, 122.0000,  0, 0, 0
L -3.0000, -615.0000, 122.0000,  -3.0000, -498.0000, 122.0000,  0, 0, 0
L 251.0000, -615.0000, 122.0000,  -3.0000, -615.0000, 122.0000,  0, 0, 0
L 251.0000, -567.0000, 122.0000,  251.0000, -615.0000, 122.0000,  0, 0, 0
L 260.0000, -567.0000, 122.0000,  251.0000, -567.0000, 122.0000,  0, 0, 0
L 260.0000, -625.0000, 122.0000,  260.0000, -567.0000, 122.0000,  0, 0, 0
L 317.0000, -626.0000, 123.0000,  260.0000, -625.0000, 122.0000,  0, 0, 0
L 317.0000, -635.0000, 126.0000,  317.0000, -626.0000, 123.0000,  0, 0, 0
L 379.0000, -635.0000, 126.0000,  317.0000, -635.0000, 126.0000,  0, 0, 0
L 380.0000, -625.0000, 122.0000,  379.0000, -635.0000, 126.0000,  0, 0, 0
L 438.0000, -625.0000, 122.0000,  380.0000, -625.0000, 122.0000,  0, 0, 0
L 438.0000, -567.0000, 122.0000,  438.0000, -625.0000, 122.0000,  0, 0, 0
L 444.0000, -567.0000, 122.0000,  438.0000, -567.0000, 122.0000,  0, 0, 0
L 444.0000, -604.0000, 122.0000,  444.0000, -567.0000, 122.0000,  0, 0, 0
L 662.0000, -604.0000, 122.0000,  444.0000, -604.0000, 122.0000,  0, 0, 0
L 663.0000, -588.0000, 122.0000,  662.0000, -604.0000, 122.0000,  0, 0, 0
L 746.0000, -588.0000, 101.0000,  663.0000, -588.0000, 122.0000,  0, 0, 0
L 746.0000, -604.0000, 101.0000,  746.0000, -588.0000, 101.0000,  0, 0, 0
L 758.0000, -605.0000, 101.0000,  746.0000, -604.0000, 101.0000,  0, 0, 0
L 757.0000, -644.0000, 101.0000,  758.0000, -605.0000, 101.0000,  0, 0, 0
L 740.0000, -644.0000, 101.0000,  757.0000, -644.0000, 101.0000,  0, 0, 0
L 739.0000, -665.0000, 101.0000,  740.0000, -644.0000, 101.0000,  0, 0, 0
L 722.0000, -662.0000, 101.0000,  739.0000, -665.0000, 101.0000,  0, 0, 0
L 722.0000, -644.0000, 101.0000,  722.0000, -662.0000, 101.0000,  0, 0, 0
L -773.0000, -1321.0000, 98.0000,  -749.0000, -1322.0000, 97.0000,  0, 0, 0
L -772.0000, -1252.0000, 98.0000,  -773.0000, -1321.0000, 98.0000,  0, 0, 0
L -745.0000, -1252.0000, 98.0000,  -772.0000, -1252.0000, 98.0000,  0, 0, 0
L -744.0000, -1240.0000, 98.0000,  -745.0000, -1252.0000, 98.0000,  0, 0, 0
L -732.0000, -1240.0000, 98.0000,  -744.0000, -1240.0000, 98.0000,  0, 0, 0
L -522.0000, -1030.0000, 99.0000,  -732.0000, -1240.0000, 98.0000,  0, 0, 0
L -383.0000, -1030.0000, 99.0000,  -522.0000, -1030.0000, 99.0000,  0, 0, 0
L -383.0000, -936.0000, 99.0000,  -383.0000, -1030.0000, 99.0000,  0, 0, 0
L -395.0000, -935.0000, 99.0000,  -383.0000, -936.0000, 99.0000,  0, 0, 0
L -395.0000, -924.0000, 99.0000,  -395.0000, -935.0000, 99.0000,  0, 0, 0
L -419.0000, -923.0000, 99.0000,  -395.0000, -924.0000, 99.0000,  0, 0, 0
L -418.0000, -888.0000, 99.0000,  -419.0000, -923.0000, 99.0000,  0, 0, 0
L -403.0000, -888.0000, 99.0000,  -418.0000, -888.0000, 99.0000,  0, 0, 0
L -402.0000, -770.0000, 99.0000,  -403.0000, -888.0000, 99.0000,  0, 0, 0
L -385.0000, -770.0000, 99.0000,  -402.0000, -770.0000, 99.0000,  0, 0, 0
L -385.0000, -751.0000, 99.0000,  -385.0000, -770.0000, 99.0000,  0, 0, 0
L -368.0000, -751.0000, 99.0000,  -385.0000, -751.0000, 99.0000,  0, 0, 0
L -367.0000, -770.0000, 99.0000,  -368.0000, -751.0000, 99.0000,  0, 0, 0
L -237.0000, -770.0000, 99.0000,  -367.0000, -770.0000, 99.0000,  0, 0, 0
L -236.0000, -751.0000, 99.0000,  -237.0000, -770.0000, 99.0000,  0, 0, 0
L -219.0000, -751.0000, 99.0000,  -236.0000, -751.0000, 99.0000,  0, 0, 0
L -219.0000, -770.0000, 99.0000,  -219.0000, -751.0000, 99.0000,  0, 0, 0
L -109.0000, -770.0000, 99.0000,  -219.0000, -770.0000, 99.0000,  0, 0, 0
L -108.0000, -751.0000, 99.0000,  -109.0000, -770.0000, 99.0000,  0, 0, 0
L -91.0000, -751.0000, 99.0000,  -108.0000, -751.0000, 99.0000,  0, 0, 0
L -91.0000, -770.0000, 99.0000,  -91.0000, -751.0000, 99.0000,  0, 0, 0
L 19.0000, -770.0000, 99.0000,  -91.0000, -770.0000, 99.0000,  0, 0, 0
L 20.0000, -751.0000, 99.0000,  19.0000, -770.0000, 99.0000,  0, 0, 0
L 37.0000, -751.0000, 99.0000,  20.0000, -751.0000, 99.0000,  0, 0, 0
L 37.0000, -770.0000, 99.0000,  37.0000, -751.0000, 99.0000,  0, 0, 0
L 147.0000, -770.0000, 99.0000,  37.0000, -770.0000, 99.0000,  0, 0, 0
L 148.0000, -751.0000, 99.0000,  147.0000, -770.0000, 99.0000,  0, 0, 0
L 165.0000, -751.0000, 99.0000,  148.0000, -751.0000, 99.0000,  0, 0, 0
L 165.0000, -770.0000, 99.0000,  165.0000, -751.0000, 99.0000,  0, 0, 0
L 275.0000, -770.0000, 99.0000,  165.0000, -770.0000, 99.0000,  0, 0, 0
L 275.0000, -750.0000, 99.0000,  275.0000, -770.0000, 99.0000,  0, 0, 0
L 293.0000, -751.0000, 99.0000,  275.0000, -750.0000, 99.0000,  0, 0, 0
L 293.0000, -770.0000, 99.0000,  293.0000, -751.0000, 99.0000,  0, 0, 0
L 403.0000, -770.0000, 99.0000,  293.0000, -770.0000, 99.0000,  0, 0, 0
L 404.0000, -750.0000, 99.0000,  403.0000, -770.0000, 99.0000,  0, 0, 0
L 420.0000, -750.0000, 99.0000,  404.0000, -750.0000, 99.0000,  0, 0, 0
L 421.0000, -770.0000, 99.0000,  420.0000, -750.0000, 99.0000,  0, 0, 0
L 594.0000, -770.0000, 99.0000,  421.0000, -770.0000, 99.0000,  0, 0, 0
L 594.0000, -750.0000, 99.0000,  594.0000, -770.0000, 99.0000,  0, 0, 0
L 611.0000, -751.0000, 99.0000,  594.0000, -750.0000, 99.0000,  0, 0, 0
L 612.0000, -770.0000, 99.0000,  611.0000, -751.0000, 99.0000,  0, 0, 0
L 722.0000, -770.0000, 99.0000,  612.0000, -770.0000, 99.0000,  0, 0, 0
L 723.0000, -751.0000, 99.0000,  722.0000, -770.0000, 99.0000,  0, 0, 0
L 739.0000, -750.0000, 99.0000,  723.0000, -751.0000, 99.0000,  0, 0, 0
L 740.0000, -770.0000, 99.0000,  739.0000, -750.0000, 99.0000,  0, 0, 0
L 758.0000, -771.0000, 109.0000,  740.0000, -770.0000, 99.0000,  0, 0, 0
L 758.0000, -888.0000, 109.0000,  758.0000, -771.0000, 109.0000,  0, 0, 0
L 773.0000, -888.0000, 110.0000,  758.0000, -888.0000, 109.0000,  0, 0, 0
L 773.0000, -924.0000, 109.0000,  773.0000, -888.0000, 110.0000,  0, 0, 0
L 750.0000, -924.0000, 109.0000,  773.0000, -924.0000, 109.0000,  0, 0, 0
L 750.0000, -936.0000, 109.0000,  750.0000, -924.0000, 109.0000,  0, 0, 0
L 738.0000, -936.0000, 109.0000,  750.0000, -936.0000, 109.0000,  0, 0, 0
L 738.0000, -1030.0000, 108.0000,  738.0000, -936.0000, 109.0000,  0, 0, 0
L 877.0000, -1030.0000, 108.0000,  738.0000, -1030.0000, 108.0000,  0, 0, 0
L 1087.0000, -1240.0000, 108.0000,  877.0000, -1030.0000, 108.0000,  0, 0, 0
L 1100.0000, -1241.0000, 108.0000,  1087.0000, -1240.0000, 108.0000,  0, 0, 0
L 1100.0000, -1252.0000, 108.0000,  1100.0000, -1241.0000, 108.0000,  0, 0, 0
L 1128.0000, -1253.0000, 108.0000,  1100.0000, -1252.0000, 108.0000,  0, 0, 0
L 1127.0000, -1322.0000, 108.0000,  1128.0000, -1253.0000, 108.0000,  0, 0, 0
L 1104.0000, -1322.0000, 108.0000,  1127.0000, -1322.0000, 108.0000,  0, 0, 0
L 1103.0000, -1334.0000, 108.0000,  1104.0000, -1322.0000, 108.0000,  0, 0, 0
L 660.0000, -1334.0000, 108.0000,  1103.0000, -1334.0000, 108.0000,  0, 0, 0
L 659.0000, -1350.0000, 108.0000,  660.0000, -1334.0000, 108.0000,  0, 0, 0
L 624.0000, -1349.0000, 108.0000,  659.0000, -1350.0000, 108.0000,  0, 0, 0
L 624.0000, -1322.0000, 108.0000,  624.0000, -1349.0000, 108.0000,  0, 0, 0
L 612.0000, -1321.0000, 108.0000,  624.0000, -1322.0000, 108.0000,  0, 0, 0
L 612.0000, -933.0000, 108.0000,  612.0000, -1321.0000, 108.0000,  0, 0, 0
L 518.0000, -933.0000, 108.0000,  612.0000, -933.0000, 108.0000,  0, 0, 0
L 517.0000, -945.0000, 108.0000,  518.0000, -933.0000, 108.0000,  0, 0, 0
L 506.0000, -945.0000, 109.0000,  517.0000, -945.0000, 108.0000,  0, 0, 0
L 505.0000, -969.0000, 109.0000,  506.0000, -945.0000, 109.0000,  0, 0, 0
L 470.0000, -969.0000, 108.0000,  505.0000, -969.0000, 109.0000,  0, 0, 0
L 470.0000, -953.0000, 109.0000,  470.0000, -969.0000, 108.0000,  0, 0, 0
L 306.0000, -953.0000, 108.0000,  470.0000, -953.0000, 109.0000,  0, 0, 0
L 305.0000, -969.0000, 108.0000,  306.0000, -953.0000, 108.0000,  0, 0, 0
L 270.0000, -968.0000, 108.0000,  305.0000, -969.0000, 108.0000,  0, 0, 0
L 270.0000, -945.0000, 108.0000,  270.0000, -968.0000, 108.0000,  0, 0, 0
L 258.0000, -944.0000, 107.0000,  270.0000, -945.0000, 108.0000,  0, 0, 0
L 258.0000, -933.0000, 108.0000,  258.0000, -944.0000, 107.0000,  0, 0, 0
L 164.0000, -933.0000, 108.0000,  258.0000, -933.0000, 108.0000,  0, 0, 0
L 163.0000, -1085.0000, 108.0000,  164.0000, -933.0000, 108.0000,  0, 0, 0
L 152.0000, -1085.0000, 109.0000,  163.0000, -1085.0000, 108.0000,  0, 0, 0
L 151.0000, -1113.0000, 109.0000,  152.0000, -1085.0000, 109.0000,  0, 0, 0
L 67.0000, -1112.0000, 109.0000,  151.0000, -1113.0000, 109.0000,  0, 0, 0
L 67.0000, -1097.0000, 109.0000,  67.0000, -1112.0000, 109.0000,  0, 0, 0
L -259.0000, -1097.0000, 109.0000,  67.0000, -1097.0000, 109.0000,  0, 0, 0
L -260.0000, -1113.0000, 109.0000,  -259.0000, -1097.0000, 109.0000,  0, 0, 0
L -295.0000, -1112.0000, 109.0000,  -260.0000, -1113.0000, 109.0000,  0, 0, 0
L -295.0000, -1089.0000, 109.0000,  -295.0000, -1112.0000, 109.0000,  0, 0, 0
L -307.0000, -1089.0000, 109.0000,  -295.0000, -1089.0000, 109.0000,  0, 0, 0
L -307.0000, -1077.0000, 109.0000,  -307.0000, -1089.0000, 109.0000,  0, 0, 0
L -401.0000, -1077.0000, 109.0000,  -307.0000, -1077.0000, 109.0000,  0, 0, 0
L -401.0000, -1321.0000, 109.0000,  -401.0000, -1077.0000, 109.0000,  0, 0, 0
L -413.0000, -1322.0000, 109.0000,  -401.0000, -1321.0000, 109.0000,  0, 0, 0
L -414.0000, -1350.0000, 109.0000,  -413.0000, -1322.0000, 109.0000,  0, 0, 0
L -449.0000, -1349.0000, 109.0000,  -414.0000, -1350.0000, 109.0000,  0, 0, 0
L -449.0000, -1334.0000, 109.0000,  -449.0000, -1349.0000, 109.0000,  0, 0, 0
L -749.0000, -1333.0000, 109.0000,  -449.0000, -1334.0000, 109.0000,  0, 0, 0
L -749.0000, -1322.0000, 110.0000,  -749.0000, -1333.0000, 109.0000,  0, 0, 0
L -1303.0000, -487.0000, 102.0000,  -1303.0000, -508.0000, 123.0000,  0, 0, 0
L -1265.0000, -485.0000, 102.0000,  -1303.0000, -487.0000, 102.0000,  0, 0, 0
L -1265.0000, -471.0000, 102.0000,  -1265.0000, -485.0000, 102.0000,  0, 0, 0
L -1047.0000, -471.0000, 102.0000,  -1265.0000, -471.0000, 102.0000,  0, 0, 0
L -1047.0000, -565.0000, 103.0000,  -1047.0000, -471.0000, 102.0000,  0, 0, 0
L -1059.0000, -565.0000, 102.0000,  -1047.0000, -565.0000, 103.0000,  0, 0, 0
L -1059.0000, -577.0000, 102.0000,  -1059.0000, -565.0000, 102.0000,  0, 0, 0
L -1083.0000, -578.0000, 102.0000,  -1059.0000, -577.0000, 102.0000,  0, 0, 0
L -1083.0000, -646.0000, 103.0000,  -1083.0000, -578.0000, 102.0000,  0, 0, 0
L -1055.0000, -647.0000, 102.0000,  -1083.0000, -646.0000, 103.0000,  0, 0, 0
L -1053.0000, -659.0000, 102.0000,  -1055.0000, -647.0000, 102.0000,  0, 0, 0
L -819.0000, -659.0000, 102.0000,  -1053.0000, -659.0000, 102.0000,  0, 0, 0
L -819.0000, -753.0000, 101.0000,  -819.0000, -659.0000, 102.0000,  0, 0, 0
L -831.0000, -753.0000, 101.0000,  -819.0000, -753.0000, 101.0000,  0, 0, 0
L -831.0000, -765.0000, 101.0000,  -831.0000, -753.0000, 101.0000,  0, 0, 0
L -854.0000, -765.0000, 101.0000,  -831.0000, -765.0000, 101.0000,  0, 0, 0
L -855.0000, -800.0000, 101.0000,  -854.0000, -765.0000, 101.0000,  0, 0, 0
L -839.0000, -801.0000, 101.0000,  -855.0000, -800.0000, 101.0000,  0, 0, 0
L -839.0000, -883.0000, 101.0000,  -839.0000, -801.0000, 101.0000,  0, 0, 0
L -855.0000, -884.0000, 101.0000,  -839.0000, -883.0000, 101.0000,  0, 0, 0
L -854.0000, -919.0000, 100.0000,  -855.0000, -884.0000, 101.0000,  0, 0, 0
L -831.0000, -919.0000, 100.0000,  -854.0000, -919.0000, 100.0000,  0, 0, 0
L -830.0000, -931.0000, 100.0000,  -831.0000, -919.0000, 100.0000,  0, 0, 0
L -819.0000, -931.0000, 101.0000,  -830.0000, -931.0000, 100.0000,  0, 0, 0
L -819.0000, -1025.0000, 101.0000,  -819.0000, -931.0000, 101.0000,  0, 0, 0
L -1055.0000, -1026.0000, 101.0000,  -819.0000, -1025.0000, 101.0000,  0, 0, 0
L -1055.0000, -1037.0000, 101.0000,  -1055.0000, -1026.0000, 101.0000,  0, 0, 0
L -1083.0000, -1038.0000, 101.0000,  -1055.0000, -1037.0000, 101.0000,  0, 0, 0
L -1083.0000, -1073.0000, 101.0000,  -1083.0000, -1038.0000, 101.0000,  0, 0, 0
L -1067.0000, -1073.0000, 101.0000,  -1083.0000, -1073.0000, 101.0000,  0, 0, 0
L -1066.0000, -1322.0000, 100.0000,  -1067.0000, -1073.0000, 101.0000,  0, 0, 0
L -1055.0000, -1322.0000, 100.0000,  -1066.0000, -1322.0000, 100.0000,  0, 0, 0
L -1054.0000, -1350.0000, 100.0000,  -1055.0000, -1322.0000, 100.0000,  0, 0, 0
L -1019.0000, -1349.0000, 100.0000,  -1054.0000, -1350.0000, 100.0000,  0, 0, 0
L -1019.0000, -1334.0000, 100.0000,  -1019.0000, -1349.0000, 100.0000,  0, 0, 0
L -863.0000, -1333.0000, 100.0000,  -1019.0000, -1334.0000, 100.0000,  0, 0, 0
L -863.0000, -1322.0000, 101.0000,  -863.0000, -1333.0000, 100.0000,  0, 0, 0
L -835.0000, -1322.0000, 101.0000,  -863.0000, -1322.0000, 101.0000,  0, 0, 0
L -835.0000, -1253.0000, 101.0000,  -835.0000, -1322.0000, 101.0000,  0, 0, 0
L -859.0000, -1252.0000, 101.0000,  -835.0000, -1253.0000, 101.0000,  0, 0, 0
L -860.0000, -1240.0000, 101.0000,  -859.0000, -1252.0000, 101.0000,  0, 0, 0
L -871.0000, -1240.0000, 101.0000,  -860.0000, -1240.0000, 101.0000,  0, 0, 0
L -871.0000, -1146.0000, 101.0000,  -871.0000, -1240.0000, 101.0000,  0, 0, 0
L -731.0000, -1145.0000, 101.0000,  -871.0000, -1146.0000, 101.0000,  0, 0, 0
L -522.0000, -936.0000, 101.0000,  -731.0000, -1145.0000, 101.0000,  0, 0, 0
L -510.0000, -936.0000, 100.0000,  -522.0000, -936.0000, 101.0000,  0, 0, 0
L -509.0000, -924.0000, 100.0000,  -510.0000, -936.0000, 100.0000,  0, 0, 0
L -481.0000, -922.0000, 101.0000,  -509.0000, -924.0000, 100.0000,  0, 0, 0
L -482.0000, -888.0000, 101.0000,  -481.0000, -922.0000, 101.0000,  0, 0, 0
L -497.0000, -888.0000, 101.0000,  -482.0000, -888.0000, 101.0000,  0, 0, 0
L -497.0000, -539.0000, 100.0000,  -497.0000, -888.0000, 101.0000,  0, 0, 0
L -460.0000, -539.0000, 100.0000,  -497.0000, -539.0000, 100.0000,  0, 0, 0
L -403.0000, -539.0000, 99.0000,  -440.0000, -539.0000, 99.0000,  0, 0, 0
L -402.0000, -644.0000, 99.0000,  -403.0000, -539.0000, 99.0000,  0, 0, 0
L -385.0000, -644.0000, 99.0000,  -402.0000, -644.0000, 99.0000,  0, 0, 0
L -384.0000, -663.0000, 99.0000,  -385.0000, -644.0000, 99.0000,  0, 0, 0
L -368.0000, -662.0000, 99.0000,  -384.0000, -663.0000, 99.0000,  0, 0, 0
L -367.0000, -644.0000, 99.0000,  -368.0000, -662.0000, 99.0000,  0, 0, 0
L -237.0000, -644.0000, 99.0000,  -367.0000, -644.0000, 99.0000,  0, 0, 0
L -237.0000, -663.0000, 99.0000,  -237.0000, -644.0000, 99.0000,  0, 0, 0
L -219.0000, -662.0000, 99.0000,  -237.0000, -663.0000, 99.0000,  0, 0, 0
L -219.0000, -644.0000, 99.0000,  -219.0000, -662.0000, 99.0000,  0, 0, 0
L -109.0000, -644.0000, 99.0000,  -219.0000, -644.0000, 99.0000,  0, 0, 0
L -107.0000, -664.0000, 99.0000,  -109.0000, -644.0000, 99.0000,  0, 0, 0
L -91.0000, -663.0000, 99.0000,  -107.0000, -664.0000, 99.0000,  0, 0, 0
L -91.0000, -644.0000, 99.0000,  -91.0000, -663.0000, 99.0000,  0, 0, 0
L 19.0000, -644.0000, 99.0000,  -91.0000, -644.0000, 99.0000,  0, 0, 0
L 19.0000, -663.0000, 99.0000,  19.0000, -644.0000, 99.0000,  0, 0, 0
L 37.0000, -663.0000, 99.0000,  19.0000, -663.0000, 99.0000,  0, 0, 0
L 37.0000, -644.0000, 99.0000,  37.0000, -663.0000, 99.0000,  0, 0, 0
L 147.0000, -644.0000, 99.0000,  37.0000, -644.0000, 99.0000,  0, 0, 0
L 148.0000, -663.0000, 100.0000,  147.0000, -644.0000, 99.0000,  0, 0, 0
L 165.0000, -662.0000, 99.0000,  148.0000, -663.0000, 100.0000,  0, 0, 0
L 165.0000, -644.0000, 99.0000,  165.0000, -662.0000, 99.0000,  0, 0, 0
L 275.0000, -644.0000, 99.0000,  165.0000, -644.0000, 99.0000,  0, 0, 0
L 277.0000, -664.0000, 99.0000,  275.0000, -644.0000, 99.0000,  0, 0, 0
L 293.0000, -662.0000, 99.0000,  277.0000, -664.0000, 99.0000,  0, 0, 0
L 293.0000, -644.0000, 99.0000,  293.0000, -662.0000, 99.0000,  0, 0, 0
L 403.0000, -644.0000, 99.0000,  293.0000, -644.0000, 99.0000,  0, 0, 0
L 403.0000, -663.0000, 99.0000,  403.0000, -644.0000, 99.0000,  0, 0, 0
L 421.0000, -663.0000, 99.0000,  403.0000, -663.0000, 99.0000,  0, 0, 0
L 421.0000, -644.0000, 99.0000,  421.0000, -663.0000, 99.0000,  0, 0, 0
L 594.0000, -644.0000, 99.0000,  421.0000, -644.0000, 99.0000,  0, 0, 0
L 595.0000, -663.0000, 99.0000,  594.0000, -644.0000, 99.0000,  0, 0, 0
L 611.0000, -663.0000, 99.0000,  595.0000, -663.0000, 99.0000,  0, 0, 0
L 612.0000, -644.0000, 99.0000,  611.0000, -663.0000, 99.0000,  0, 0, 0
L 721.0000, -645.0000, 100.0000,  612.0000, -644.0000, 99.0000,  0, 0, 0
L -1432.0000, -622.0000, 120.0000,  -1515.0000, -622.0000, 108.0000,  0, 0, 0
L -1432.0000, -621.0000, 120.0000,  -1432.0000, -622.0000, 120.0000,  0, 0, 0
L -1425.0000, -621.0000, 120.0000,  -1432.0000, -621.0000, 120.0000,  0, 0, 0
L -1425.0000, -622.0000, 120.0000,  -1425.0000, -621.0000, 120.0000,  0, 0, 0
L -1359.0000, -622.0000, 120.0000,  -1425.0000, -622.0000, 120.0000,  0, 0, 0
L -1357.0000, -543.0000, 120.0000,  -1359.0000, -622.0000, 120.0000,  0, 0, 0
L -1313.0000, -542.0000, 122.0000,  -1357.0000, -543.0000, 120.0000,  0, 0, 0
L -1313.0000, -529.0000, 121.0000,  -1313.0000, -542.0000, 122.0000,  0, 0, 0
L -1302.0000, -529.0000, 121.0000,  -1313.0000, -529.0000, 121.0000,  0, 0, 0
L -1302.0000, -548.0000, 98.0000,  -1302.0000, -529.0000, 121.0000,  0, 0, 0
L -1265.0000, -549.0000, 98.0000,  -1302.0000, -548.0000, 98.0000,  0, 0, 0
L -1264.0000, -564.0000, 97.0000,  -1265.0000, -549.0000, 98.0000,  0, 0, 0
L -1173.0000, -565.0000, 98.0000,  -1264.0000, -564.0000, 97.0000,  0, 0, 0
L -1172.0000, -576.0000, 98.0000,  -1173.0000, -565.0000, 98.0000,  0, 0, 0
L -1144.0000, -578.0000, 98.0000,  -1172.0000, -576.0000, 98.0000,  0, 0, 0
L -1147.0000, -648.0000, 98.0000,  -1144.0000, -578.0000, 98.0000,  0, 0, 0
L -1168.0000, -648.0000, 99.0000,  -1147.0000, -648.0000, 98.0000,  0, 0, 0
L -1169.0000, -659.0000, 98.0000,  -1168.0000, -648.0000, 99.0000,  0, 0, 0
L -1180.0000, -660.0000, 99.0000,  -1169.0000, -659.0000, 98.0000,  0, 0, 0
L -1180.0000, -752.0000, 99.0000,  -1180.0000, -660.0000, 99.0000,  0, 0, 0
L -945.0000, -753.0000, 99.0000,  -1180.0000, -752.0000, 99.0000,  0, 0, 0
L -944.0000, -764.0000, 99.0000,  -945.0000, -753.0000, 99.0000,  0, 0, 0
L -917.0000, -765.0000, 99.0000,  -944.0000, -764.0000, 99.0000,  0, 0, 0
L -918.0000, -801.0000, 98.0000,  -917.0000, -765.0000, 99.0000,  0, 0, 0
L -932.0000, -802.0000, 99.0000,  -918.0000, -801.0000, 98.0000,  0, 0, 0
L -932.0000, -882.0000, 99.0000,  -932.0000, -802.0000, 99.0000,  0, 0, 0
L -917.0000, -883.0000, 99.0000,  -932.0000, -882.0000, 99.0000,  0, 0, 0
L -917.0000, -919.0000, 98.0000,  -917.0000, -883.0000, 99.0000,  0, 0, 0
L -944.0000, -920.0000, 99.0000,  -917.0000, -919.0000, 98.0000,  0, 0, 0
L -946.0000, -932.0000, 99.0000,  -944.0000, -920.0000, 99.0000,  0, 0, 0
L -1180.0000, -932.0000, 99.0000,  -946.0000, -932.0000, 99.0000,  0, 0, 0
L -1180.0000, -1024.0000, 99.0000,  -1180.0000, -932.0000, 99.0000,  0, 0, 0
L -1169.0000, -1025.0000, 99.0000,  -1180.0000, -1024.0000, 99.0000,  0, 0, 0
L -1168.0000, -1036.0000, 99.0000,  -1169.0000, -1025.0000, 99.0000,  0, 0, 0
L -1145.0000, -1037.0000, 98.0000,  -1168.0000, -1036.0000, 99.0000,  0, 0, 0
L -1145.0000, -1073.0000, 98.0000,  -1145.0000, -1037.0000, 98.0000,  0, 0, 0
L -1160.0000, -1074.0000, 98.0000,  -1145.0000, -1073.0000, 98.0000,  0, 0, 0
L -1160.0000, -1447.0000, 98.0000,  -1160.0000, -1074.0000, 98.0000,  0, 0, 0
L -1068.0000, -1447.0000, 97.0000,  -1160.0000, -1447.0000, 98.0000,  0, 0, 0
L -1067.0000, -1436.0000, 97.0000,  -1068.0000, -1447.0000, 97.0000,  0, 0, 0
L -1056.0000, -1435.0000, 97.0000,  -1067.0000, -1436.0000, 97.0000,  0, 0, 0
L -1055.0000, -1412.0000, 98.0000,  -1056.0000, -1435.0000, 97.0000,  0, 0, 0
L -1019.0000, -1411.0000, 98.0000,  -1055.0000, -1412.0000, 98.0000,  0, 0, 0
L -1018.0000, -1427.0000, 98.0000,  -1019.0000, -1411.0000, 98.0000,  0, 0, 0
L -450.0000, -1427.0000, 97.0000,  -1018.0000, -1427.0000, 98.0000,  0, 0, 0
L -448.0000, -1411.0000, 97.0000,  -450.0000, -1427.0000, 97.0000,  0, 0, 0
L -412.0000, -1413.0000, 97.0000,  -448.0000, -1411.0000, 97.0000,  0, 0, 0
L -412.0000, -1435.0000, 96.0000,  -412.0000, -1413.0000, 97.0000,  0, 0, 0
L -401.0000, -1436.0000, 97.0000,  -412.0000, -1435.0000, 96.0000,  0, 0, 0
L -400.0000, -1447.0000, 97.0000,  -401.0000, -1436.0000, 97.0000,  0, 0, 0
L -308.0000, -1447.0000, 96.0000,  -400.0000, -1447.0000, 97.0000,  0, 0, 0
L -306.0000, -1203.0000, 97.0000,  -308.0000, -1447.0000, 96.0000,  0, 0, 0
L -296.0000, -1202.0000, 97.0000,  -306.0000, -1203.0000, 97.0000,  0, 0, 0
L -294.0000, -1174.0000, 96.0000,  -296.0000, -1202.0000, 97.0000,  0, 0, 0
L -258.0000, -1175.0000, 97.0000,  -294.0000, -1174.0000, 96.0000,  0, 0, 0
L -258.0000, -1190.0000, 96.0000,  -258.0000, -1175.0000, 97.0000,  0, 0, 0
L -59.0000, -1191.0000, 97.0000,  -258.0000, -1190.0000, 96.0000,  0, 0, 0
L -58.0000, -1202.0000, 97.0000,  -59.0000, -1191.0000, 97.0000,  0, 0, 0
L -30.0000, -1205.0000, 97.0000,  -58.0000, -1202.0000, 97.0000,  0, 0, 0
L -30.0000, -1299.0000, 97.0000,  -30.0000, -1205.0000, 97.0000,  0, 0, 0
L -46.0000, -1300.0000, 97.0000,  -30.0000, -1299.0000, 97.0000,  0, 0, 0
L -46.0000, -1376.0000, 96.0000,  -46.0000, -1300.0000, 97.0000,  0, 0, 0
L -30.0000, -1379.0000, 97.0000,  -46.0000, -1376.0000, 96.0000,  0, 0, 0
L -30.0000, -1414.0000, 98.0000,  -30.0000, -1379.0000, 97.0000,  0, 0, 0
L -11.0000, -1414.0000, 121.0000,  -30.0000, -1414.0000, 98.0000,  0, 0, 0
L -11.0000, -1425.0000, 120.0000,  -11.0000, -1414.0000, 121.0000,  0, 0, 0
L -24.0000, -1425.0000, 120.0000,  -11.0000, -1425.0000, 120.0000,  0, 0, 0
L -24.0000, -1521.0000, 121.0000,  -24.0000, -1425.0000, 120.0000,  0, 0, 0
L 56.0000, -1523.0000, 121.0000,  -24.0000, -1521.0000, 121.0000,  0, 0, 0
L 56.0000, -1537.0000, 121.0000,  56.0000, -1523.0000, 121.0000,  0, 0, 0
L 57.0000, -1537.0000, 120.0000,  56.0000, -1537.0000, 121.0000,  0, 0, 0
L 57.0000, -1544.0000, 120.0000,  57.0000, -1537.0000, 120.0000,  0, 0, 0
L 56.0000, -1544.0000, 120.0000,  57.0000, -1544.0000, 120.0000,  0, 0, 0
L 54.0000, -1579.0000, 119.0000,  56.0000, -1544.0000, 120.0000,  0, 0, 0
L 37.0000, -1579.0000, 119.0000,  54.0000, -1579.0000, 119.0000,  0, 0, 0
L 37.0000, -1627.0000, 119.0000,  37.0000, -1579.0000, 119.0000,  240, 0, 162
L 104.0000, -1627.0000, 119.0000,  37.0000, -1627.0000, 119.0000,  0, 0, 0
L 104.0000, -1544.0000, 121.0000,  104.0000, -1627.0000, 119.0000,  0, 0, 0
L 102.0000, -1544.0000, 120.0000,  104.0000, -1544.0000, 121.0000,  0, 0, 0
L 102.0000, -1537.0000, 121.0000,  102.0000, -1544.0000, 120.0000,  0, 0, 0
L 104.0000, -1537.0000, 121.0000,  102.0000, -1537.0000, 121.0000,  0, 0, 0
L 104.0000, -1471.0000, 120.0000,  104.0000, -1537.0000, 121.0000,  0, 0, 0
L 25.0000, -1470.0000, 120.0000,  104.0000, -1471.0000, 120.0000,  0, 0, 0
L 24.0000, -1425.0000, 120.0000,  25.0000, -1470.0000, 120.0000,  0, 0, 0
L 11.0000, -1425.0000, 120.0000,  24.0000, -1425.0000, 120.0000,  0, 0, 0
L 11.0000, -1414.0000, 121.0000,  11.0000, -1425.0000, 120.0000,  0, 0, 0
L 30.0000, -1414.0000, 95.0000,  11.0000, -1414.0000, 121.0000,  0, 0, 0
L 31.0000, -1377.0000, 95.0000,  30.0000, -1414.0000, 95.0000,  0, 0, 0
L 46.0000, -1376.0000, 95.0000,  31.0000, -1377.0000, 95.0000,  0, 0, 0
L 46.0000, -1300.0000, 95.0000,  46.0000, -1376.0000, 95.0000,  0, 0, 0
L 30.0000, -1296.0000, 95.0000,  46.0000, -1300.0000, 95.0000,  0, 0, 0
L 32.0000, -1202.0000, 95.0000,  30.0000, -1296.0000, 95.0000,  0, 0, 0
L 54.0000, -1202.0000, 95.0000,  32.0000, -1202.0000, 95.0000,  0, 0, 0
L 56.0000, -1190.0000, 94.0000,  54.0000, -1202.0000, 95.0000,  0, 0, 0
L 66.0000, -1190.0000, 94.0000,  56.0000, -1190.0000, 94.0000,  0, 0, 0
L 69.0000, -1174.0000, 94.0000,  66.0000, -1190.0000, 94.0000,  0, 0, 0
L 152.0000, -1175.0000, 94.0000,  69.0000, -1174.0000, 94.0000,  0, 0, 0
L 153.0000, -1198.0000, 94.0000,  152.0000, -1175.0000, 94.0000,  0, 0, 0
L 163.0000, -1198.0000, 94.0000,  153.0000, -1198.0000, 94.0000,  0, 0, 0
L 165.0000, -1210.0000, 94.0000,  163.0000, -1198.0000, 94.0000,  0, 0, 0
L 257.0000, -1210.0000, 95.0000,  165.0000, -1210.0000, 94.0000,  0, 0, 0
L 258.0000, -1059.0000, 94.0000,  257.0000, -1210.0000, 95.0000,  0, 0, 0
L 269.0000, -1058.0000, 94.0000,  258.0000, -1059.0000, 94.0000,  0, 0, 0
L 271.0000, -1030.0000, 95.0000,  269.0000, -1058.0000, 94.0000,  0, 0, 0
L 306.0000, -1031.0000, 95.0000,  271.0000, -1030.0000, 95.0000,  0, 0, 0
L 307.0000, -1046.0000, 95.0000,  306.0000, -1031.0000, 95.0000,  0, 0, 0
L 469.0000, -1046.0000, 95.0000,  307.0000, -1046.0000, 95.0000,  0, 0, 0
L 471.0000, -1030.0000, 95.0000,  469.0000, -1046.0000, 95.0000,  0, 0, 0
L 507.0000, -1032.0000, 94.0000,  471.0000, -1030.0000, 95.0000,  0, 0, 0
L 507.0000, -1058.0000, 94.0000,  507.0000, -1032.0000, 94.0000,  0, 0, 0
L 518.0000, -1059.0000, 95.0000,  507.0000, -1058.0000, 94.0000,  0, 0, 0
L 519.0000, -1447.0000, 95.0000,  518.0000, -1059.0000, 95.0000,  0, 0, 0
L 611.0000, -1447.0000, 95.0000,  519.0000, -1447.0000, 95.0000,  0, 0, 0
L 612.0000, -1436.0000, 95.0000,  611.0000, -1447.0000, 95.0000,  0, 0, 0
L 623.0000, -1435.0000, 96.0000,  612.0000, -1436.0000, 95.0000,  0, 0, 0
L 625.0000, -1411.0000, 95.0000,  623.0000, -1435.0000, 96.0000,  0, 0, 0
L 661.0000, -1413.0000, 95.0000,  625.0000, -1411.0000, 95.0000,  0, 0, 0
L 661.0000, -1427.0000, 95.0000,  661.0000, -1413.0000, 95.0000,  0, 0, 0
L 1373.0000, -1427.0000, 95.0000,  661.0000, -1427.0000, 95.0000,  0, 0, 0
L 1375.0000, -1411.0000, 95.0000,  1373.0000, -1427.0000, 95.0000,  0, 0, 0
L 1410.0000, -1412.0000, 95.0000,  1375.0000, -1411.0000, 95.0000,  0, 0, 0
L 1411.0000, -1435.0000, 96.0000,  1410.0000, -1412.0000, 95.0000,  0, 0, 0
L 1422.0000, -1436.0000, 95.0000,  1411.0000, -1435.0000, 96.0000,  0, 0, 0
L 1423.0000, -1447.0000, 96.0000,  1422.0000, -1436.0000, 95.0000,  0, 0, 0
L 1515.0000, -1447.0000, 95.0000,  1423.0000, -1447.0000, 96.0000,  0, 0, 0
L 1515.0000, -1074.0000, 95.0000,  1515.0000, -1447.0000, 95.0000,  0, 0, 0
L 1499.0000, -1072.0000, 95.0000,  1515.0000, -1074.0000, 95.0000,  0, 0, 0
L 1501.0000, -1036.0000, 94.0000,  1499.0000, -1072.0000, 95.0000,  0, 0, 0
L 1523.0000, -1036.0000, 95.0000,  1501.0000, -1036.0000, 94.0000,  0, 0, 0
L 1524.0000, -1025.0000, 94.0000,  1523.0000, -1036.0000, 95.0000,  0, 0, 0
L 1535.0000, -1024.0000, 95.0000,  1524.0000, -1025.0000, 94.0000,  0, 0, 0
L 1535.0000, -932.0000, 95.0000,  1535.0000, -1024.0000, 95.0000,  0, 0, 0
L 1300.0000, -931.0000, 95.0000,  1535.0000, -932.0000, 95.0000,  0, 0, 0
L 1299.0000, -920.0000, 95.0000,  1300.0000, -931.0000, 95.0000,  0, 0, 0
L 1271.0000, -918.0000, 95.0000,  1299.0000, -920.0000, 95.0000,  0, 0, 0
L 1272.0000, -882.0000, 94.0000,  1271.0000, -918.0000, 95.0000,  0, 0, 0
L 1287.0000, -882.0000, 95.0000,  1272.0000, -882.0000, 94.0000,  0, 0, 0
L 1287.0000, -802.0000, 95.0000,  1287.0000, -882.0000, 95.0000,  0, 0, 0
L 1271.0000, -800.0000, 94.0000,  1287.0000, -802.0000, 95.0000,  0, 0, 0
L 1272.0000, -765.0000, 95.0000,  1271.0000, -800.0000, 94.0000,  0, 0, 0
L 1299.0000, -764.0000, 94.0000,  1272.0000, -765.0000, 95.0000,  0, 0, 0
L 1301.0000, -752.0000, 95.0000,  1299.0000, -764.0000, 94.0000,  0, 0, 0
L 1535.0000, -752.0000, 105.0000,  1301.0000, -752.0000, 95.0000,  0, 0, 0
L 1535.0000, -660.0000, 105.0000,  1535.0000, -752.0000, 105.0000,  0, 0, 0
L 1524.0000, -659.0000, 105.0000,  1535.0000, -660.0000, 105.0000,  0, 0, 0
L 1523.0000, -648.0000, 105.0000,  1524.0000, -659.0000, 105.0000,  0, 0, 0
L 1499.0000, -645.0000, 105.0000,  1523.0000, -648.0000, 105.0000,  0, 0, 0
L 1502.0000, -576.0000, 106.0000,  1499.0000, -645.0000, 105.0000,  0, 0, 0
L 1527.0000, -576.0000, 106.0000,  1502.0000, -576.0000, 106.0000,  0, 0, 0
L 1528.0000, -565.0000, 105.0000,  1527.0000, -576.0000, 106.0000,  0, 0, 0
L 1619.0000, -564.0000, 107.0000,  1528.0000, -565.0000, 105.0000,  0, 0, 0
L 1622.0000, -548.0000, 106.0000,  1619.0000, -564.0000, 107.0000,  0, 0, 0
L 1657.0000, -548.0000, 122.0000,  1622.0000, -548.0000, 106.0000,  0, 0, 0
L 1657.0000, -529.0000, 123.0000,  1657.0000, -548.0000, 122.0000,  0, 0, 0
L 1668.0000, -529.0000, 120.0000,  1657.0000, -529.0000, 120.0000,  0, 0, 0
L 1668.0000, -542.0000, 120.0000,  1668.0000, -529.0000, 120.0000,  0, 0, 0
L 1714.0000, -544.0000, 120.0000,  1668.0000, -542.0000, 120.0000,  0, 0, 0
L 1714.0000, -622.0000, 120.0000,  1714.0000, -544.0000, 120.0000,  0, 0, 0
L 1780.0000, -622.0000, 120.0000,  1714.0000, -622.0000, 120.0000,  0, 0, 0
L 1780.0000, -621.0000, 120.0000,  1780.0000, -622.0000, 120.0000,  0, 0, 0
L 1787.0000, -621.0000, 120.0000,  1780.0000, -621.0000, 120.0000,  0, 0, 0
L 1787.0000, -622.0000, 120.0000,  1787.0000, -621.0000, 120.0000,  0, 0, 0
L 11.0000, 142.0000, 0.0000,  133.0000, 142.0000, 3.0000,  0, 0, 0
L 133.0000, 142.0000, 3.0000,  142.0000, 133.0000, 3.0000,  0, 0, 0
L 142.0000, 133.0000, 3.0000,  142.0000, 11.0000, 0.0000,  0, 0, 0
L 142.0000, 11.0000, 0.0000,  154.0000, 11.0000, 0.0000,  0, 0, 0
L 154.0000, 11.0000, 0.0000,  154.0000, 46.0000, -6.0000,  0, 0, 0
L 154.0000, 46.0000, -6.0000,  230.0000, 46.0000, -4.0000,  0, 0, 0
L 230.0000, 46.0000, -4.0000,  230.0000, 32.0000, -7.0000,  0, 0, 0
L 230.0000, 32.0000, -7.0000,  283.0000, 31.0000, 16.0000,  0, 0, 0
L 283.0000, 31.0000, 16.0000,  284.0000, 46.0000, 20.0000,  0, 0, 0
L 284.0000, 46.0000, 20.0000,  360.0000, 46.0000, 20.0000,  0, 0, 0
L 360.0000, 46.0000, 20.0000,  360.0000, 32.0000, 16.0000,  0, 0, 0
L 360.0000, 32.0000, 16.0000,  403.0000, 30.0000, 32.0000,  0, 0, 0
L 403.0000, 30.0000, 32.0000,  405.0000, 55.0000, 36.0000,  0, 0, 0
L 405.0000, 55.0000, 36.0000,  497.0000, 55.0000, 36.0000,  0, 0, 0
L 497.0000, 55.0000, 36.0000,  497.0000, -128.0000, 44.0000,  0, 0, 0
L 497.0000, -128.0000, 44.0000,  483.0000, -128.0000, 41.0000,  0, 0, 0
L 483.0000, -128.0000, 41.0000,  481.0000, -191.0000, 64.0000,  0, 0, 0
L 481.0000, -191.0000, 64.0000,  579.0000, -193.0000, 68.0000,  0, 0, 0
L 579.0000, -193.0000, 68.0000,  581.0000, -209.0000, 66.0000,  0, 0, 0
L 581.0000, -209.0000, 66.0000,  611.0000, -209.0000, 68.0000,  0, 0, 0
L 611.0000, -209.0000, 68.0000,  611.0000, -221.0000, 68.0000,  0, 0, 0
L 611.0000, -221.0000, 68.0000,  703.0000, -225.0000, 97.0000,  0, 0, 0
L 703.0000, -225.0000, 97.0000,  703.0000, -228.0000, 95.0000,  0, 0, 0
L 703.0000, -228.0000, 95.0000,  711.0000, -228.0000, 95.0000,  0, 0, 0
L 711.0000, -228.0000, 95.0000,  711.0000, -207.0000, 95.0000,  0, 0, 0
L 711.0000, -207.0000, 95.0000,  835.0000, -207.0000, 95.0000,  0, 0, 0
L 835.0000, -207.0000, 95.0000,  835.0000, -379.0000, 95.0000,  0, 0, 0
L 835.0000, -379.0000, 95.0000,  816.0000, -379.0000, 95.0000,  0, 0, 0
L 816.0000, -379.0000, 95.0000,  816.0000, -387.0000, 95.0000,  0, 0, 0
L 816.0000, -387.0000, 95.0000,  851.0000, -387.0000, 92.0000,  0, 0, 0
L 851.0000, -387.0000, 92.0000,  851.0000, -887.0000, 92.0000,  0, 0, 0
L 851.0000, -887.0000, 92.0000,  835.0000, -889.0000, 89.0000,  0, 0, 0
L 835.0000, -889.0000, 89.0000,  835.0000, -923.0000, 88.0000,  0, 0, 0
L 835.0000, -923.0000, 88.0000,  863.0000, -925.0000, 91.0000,  0, 0, 0
L 863.0000, -925.0000, 91.0000,  863.0000, -935.0000, 90.0000,  0, 0, 0
L 863.0000, -935.0000, 90.0000,  876.0000, -937.0000, 92.0000,  0, 0, 0
L 876.0000, -937.0000, 92.0000,  1086.0000, -1146.0000, 89.0000,  0, 0, 0
L 1086.0000, -1146.0000, 89.0000,  1225.0000, -1147.0000, 92.0000,  0, 0, 0
L 1225.0000, -1147.0000, 92.0000,  1225.0000, -1239.0000, 92.0000,  0, 0, 0
L 1225.0000, -1239.0000, 92.0000,  1214.0000, -1241.0000, 91.0000,  0, 0, 0
L 1214.0000, -1241.0000, 91.0000,  1213.0000, -1251.0000, 92.0000,  0, 0, 0
L 1213.0000, -1251.0000, 92.0000,  1189.0000, -1253.0000, 90.0000,  0, 0, 0
L 1189.0000, -1253.0000, 90.0000,  1190.0000, -1322.0000, 90.0000,  0, 0, 0
L 1190.0000, -1322.0000, 90.0000,  1217.0000, -1323.0000, 92.0000,  0, 0, 0
L 1217.0000, -1323.0000, 92.0000,  1218.0000, -1334.0000, 90.0000,  0, 0, 0
L 1218.0000, -1334.0000, 90.0000,  1373.0000, -1335.0000, 92.0000,  0, 0, 0
L 1373.0000, -1335.0000, 92.0000,  1375.0000, -1351.0000, 90.0000,  0, 0, 0
L 1375.0000, -1351.0000, 90.0000,  1409.0000, -1351.0000, 90.0000,  0, 0, 0
L 1409.0000, -1351.0000, 90.0000,  1411.0000, -1323.0000, 92.0000,  0, 0, 0
L 1411.0000, -1323.0000, 92.0000,  1420.0000, -1323.0000, 91.0000,  0, 0, 0
L 1420.0000, -1323.0000, 91.0000,  1423.0000, -1074.0000, 92.0000,  0, 0, 0
L 1423.0000, -1074.0000, 92.0000,  1439.0000, -1071.0000, 90.0000,  0, 0, 0
L 1439.0000, -1071.0000, 90.0000,  1439.0000, -1038.0000, 89.0000,  0, 0, 0
L 1439.0000, -1038.0000, 89.0000,  1411.0000, -1036.0000, 92.0000,  0, 0, 0
L 1411.0000, -1036.0000, 92.0000,  1411.0000, -1026.0000, 90.0000,  0, 0, 0
L 1411.0000, -1026.0000, 90.0000,  1175.0000, -1024.0000, 92.0000,  0, 0, 0
L 1175.0000, -1024.0000, 92.0000,  1175.0000, -932.0000, 92.0000,  0, 0, 0
L 1175.0000, -932.0000, 92.0000,  1186.0000, -931.0000, 88.0000,  0, 0, 0
L 1186.0000, -931.0000, 88.0000,  1187.0000, -920.0000, 92.0000,  0, 0, 0
L 1187.0000, -920.0000, 92.0000,  1211.0000, -917.0000, 90.0000,  0, 0, 0
L 1211.0000, -917.0000, 90.0000,  1210.0000, -883.0000, 90.0000,  0, 0, 0
L 1210.0000, -883.0000, 90.0000,  1195.0000, -882.0000, 92.0000,  0, 0, 0
L 1195.0000, -882.0000, 92.0000,  1195.0000, -802.0000, 92.0000,  0, 0, 0
L 1195.0000, -802.0000, 92.0000,  1211.0000, -800.0000, 91.0000,  0, 0, 0
L 1211.0000, -800.0000, 91.0000,  1211.0000, -766.0000, 91.0000,  0, 0, 0
L 1211.0000, -766.0000, 91.0000,  1187.0000, -764.0000, 92.0000,  0, 0, 0
L 1187.0000, -764.0000, 92.0000,  1186.0000, -753.0000, 91.0000,  0, 0, 0
L 1186.0000, -753.0000, 91.0000,  1175.0000, -752.0000, 92.0000,  0, 0, 0
L 1175.0000, -752.0000, 92.0000,  1175.0000, -660.0000, 92.0000,  0, 0, 0
L 1175.0000, -660.0000, 92.0000,  1408.0000, -660.0000, 90.0000,  0, 0, 0
L 1408.0000, -660.0000, 90.0000,  1411.0000, -648.0000, 92.0000,  0, 0, 0
L 1411.0000, -648.0000, 92.0000,  1436.0000, -648.0000, 90.0000,  0, 0, 0
L 1436.0000, -648.0000, 90.0000,  1439.0000, -578.0000, 91.0000,  0, 0, 0
L 1439.0000, -578.0000, 91.0000,  1415.0000, -576.0000, 92.0000,  0, 0, 0
L 1415.0000, -576.0000, 92.0000,  1415.0000, -566.0000, 90.0000,  0, 0, 0
L 1415.0000, -566.0000, 90.0000,  1403.0000, -564.0000, 92.0000,  0, 0, 0
L 1403.0000, -564.0000, 92.0000,  1403.0000, -472.0000, 92.0000,  0, 0, 0
L 1403.0000, -472.0000, 92.0000,  1619.0000, -472.0000, 92.0000,  0, 0, 0
L 1619.0000, -472.0000, 92.0000,  1621.0000, -488.0000, 90.0000,  0, 0, 0
L 1621.0000, -488.0000, 90.0000,  1657.0000, -488.0000, 92.0000,  0, 0, 0
L 1657.0000, -488.0000, 92.0000,  1657.0000, -507.0000, 120.0000,  0, 0, 0
L 1657.0000, -507.0000, 120.0000,  1668.0000, -507.0000, 120.0000,  0, 0, 0
L 1668.0000, -507.0000, 120.0000,  1668.0000, -494.0000, 120.0000,  0, 0, 0
L 1668.0000, -494.0000, 120.0000,  1764.0000, -494.0000, 120.0000,  0, 0, 0
L 1764.0000, -494.0000, 120.0000,  1765.0000, -573.0000, 120.0000,  0, 0, 0
L 1765.0000, -573.0000, 120.0000,  1780.0000, -574.0000, 120.0000,  0, 0, 0
L 1780.0000, -574.0000, 120.0000,  1780.0000, -575.0000, 120.0000,  0, 0, 0
L 1780.0000, -575.0000, 120.0000,  1787.0000, -575.0000, 120.0000,  0, 0, 0
L -142.0000, -11.0000, 0.0000,  -142.0000, -133.0000, 3.0000,  0, 0, 0
L -142.0000, -133.0000, 3.0000,  -133.0000, -142.0000, 3.0000,  0, 0, 0
L -133.0000, -142.0000, 3.0000,  133.0000, -142.0000, 3.0000,  0, 0, 0
L 133.0000, -142.0000, 3.0000,  142.0000, -133.0000, 3.0000,  0, 0, 0
L 142.0000, -133.0000, 3.0000,  142.0000, -11.0000, 0.0000,  0, 0, 0
L 142.0000, -11.0000, 0.0000,  154.0000, -11.0000, 0.0000,  0, 0, 0
L 154.0000, -11.0000, 0.0000,  154.0000, -46.0000, 2.0000,  0, 0, 0
L 154.0000, -46.0000, 2.0000,  230.0000, -46.0000, 2.0000,  0, 0, 0
L 230.0000, -46.0000, 2.0000,  230.0000, -32.0000, 2.0000,  0, 0, 0
L 230.0000, -32.0000, 2.0000,  282.0000, -30.0000, 20.0000,  0, 0, 0
L 282.0000, -30.0000, 20.0000,  284.0000, -46.0000, 20.0000,  0, 0, 0
L 284.0000, -46.0000, 20.0000,  360.0000, -46.0000, 21.0000,  0, 0, 0
L 360.0000, -46.0000, 21.0000,  361.0000, -31.0000, 21.0000,  0, 0, 0
L 361.0000, -31.0000, 21.0000,  403.0000, -30.0000, 36.0000,  0, 0, 0
L 403.0000, -30.0000, 36.0000,  405.0000, -128.0000, 45.0000,  0, 0, 0
L 405.0000, -128.0000, 45.0000,  419.0000, -128.0000, 45.0000,  0, 0, 0
L 419.0000, -128.0000, 45.0000,  420.0000, -192.0000, 68.0000,  0, 0, 0
L 420.0000, -192.0000, 68.0000,  396.0000, -193.0000, 68.0000,  0, 0, 0
L 396.0000, -193.0000, 68.0000,  396.0000, -285.0000, 69.0000,  0, 0, 0
L 396.0000, -285.0000, 69.0000,  579.0000, -285.0000, 68.0000,  0, 0, 0
L 579.0000, -285.0000, 68.0000,  580.0000, -269.0000, 68.0000,  0, 0, 0
L 580.0000, -269.0000, 68.0000,  611.0000, -269.0000, 68.0000,  0, 0, 0
L 611.0000, -269.0000, 68.0000,  613.0000, -253.0000, 97.0000,  0, 0, 0
L 613.0000, -253.0000, 97.0000,  703.0000, -253.0000, 97.0000,  0, 0, 0
L 703.0000, -253.0000, 97.0000,  703.0000, -250.0000, 95.0000,  0, 0, 0
L 703.0000, -250.0000, 95.0000,  711.0000, -250.0000, 95.0000,  0, 0, 0
L 711.0000, -250.0000, 95.0000,  711.0000, -379.0000, 95.0000,  0, 0, 0
L 711.0000, -379.0000, 95.0000,  794.0000, -379.0000, 95.0000,  0, 0, 0
L 794.0000, -379.0000, 95.0000,  794.0000, -387.0000, 95.0000,  0, 0, 0
L 794.0000, -387.0000, 95.0000,  759.0000, -387.0000, 97.0000,  0, 0, 0
L 759.0000, -387.0000, 97.0000,  759.0000, -509.0000, 98.0000,  0, 0, 0
L 759.0000, -509.0000, 98.0000,  747.0000, -511.0000, 97.0000,  0, 0, 0
L 747.0000, -511.0000, 97.0000,  746.0000, -526.0000, 97.0000,  0, 0, 0
L 746.0000, -526.0000, 97.0000,  663.0000, -527.0000, 116.0000,  0, 0, 0
L 663.0000, -527.0000, 116.0000,  661.0000, -511.0000, 116.0000,  0, 0, 0
L 661.0000, -511.0000, 116.0000,  445.0000, -511.0000, 115.0000,  0, 0, 0
L 445.0000, -511.0000, 115.0000,  445.0000, -546.0000, 120.0000,  0, 0, 0
L 445.0000, -546.0000, 120.0000,  437.0000, -546.0000, 120.0000,  0, 0, 0
L 437.0000, -546.0000, 120.0000,  437.0000, -490.0000, 120.0000,  0, 0, 0
L 437.0000, -490.0000, 120.0000,  261.0000, -490.0000, 120.0000,  0, 0, 0
L 261.0000, -490.0000, 120.0000,  261.0000, -546.0000, 120.0000,  0, 0, 0
L 261.0000, -546.0000, 120.0000,  250.0000, -546.0000, 120.0000,  0, 0, 0
L 250.0000, -546.0000, 120.0000,  250.0000, -362.0000, 120.0000,  0, 0, 0
L 250.0000, -362.0000, 120.0000,  -2.0000, -362.0000, 120.0000,  0, 0, 0
L -2.0000, -362.0000, 120.0000,  -2.0000, -477.0000, 120.0000,  0, 0, 0
L -2.0000, -477.0000, 120.0000,  -13.0000, -477.0000, 120.0000,  0, 0, 0
L -13.0000, -477.0000, 120.0000,  -13.0000, -458.0000, 103.0000,  0, 0, 0
L -13.0000, -458.0000, 103.0000,  -51.0000, -458.0000, 93.0000,  0, 0, 0
L -51.0000, -458.0000, 93.0000,  -53.0000, -442.0000, 93.0000,  0, 0, 0
L -53.0000, -442.0000, 93.0000,  -129.0000, -442.0000, 93.0000,  0, 0, 0
L -129.0000, -442.0000, 93.0000,  -129.0000, -477.0000, 97.0000,  0, 0, 0
L -129.0000, -477.0000, 97.0000,  -140.0000, -477.0000, 96.0000,  0, 0, 0
L -140.0000, -477.0000, 96.0000,  -140.0000, -307.0000, 97.0000,  0, 0, 0
L -140.0000, -307.0000, 97.0000,  -248.0000, -307.0000, 97.0000,  0, 0, 0
L -248.0000, -307.0000, 97.0000,  -248.0000, -385.0000, 96.0000,  0, 0, 0
L -248.0000, -385.0000, 96.0000,  -266.0000, -387.0000, 96.0000,  0, 0, 0
L -266.0000, -387.0000, 96.0000,  -268.0000, -307.0000, 97.0000,  0, 0, 0
L -268.0000, -307.0000, 97.0000,  -376.0000, -307.0000, 97.0000,  0, 0, 0
L -376.0000, -307.0000, 97.0000,  -376.0000, -385.0000, 96.0000,  0, 0, 0
L -376.0000, -385.0000, 96.0000,  -396.0000, -385.0000, 96.0000,  0, 0, 0
L -396.0000, -385.0000, 96.0000,  -396.0000, -307.0000, 96.0000,  0, 0, 0
L -396.0000, -307.0000, 96.0000,  -439.0000, -307.0000, 96.0000,  0, 0, 0
L -439.0000, -307.0000, 96.0000,  -439.0000, -296.0000, 96.0000,  0, 0, 0
L -439.0000, -296.0000, 96.0000,  -420.0000, -296.0000, 71.0000,  0, 0, 0
L -420.0000, -296.0000, 71.0000,  -420.0000, -261.0000, 72.0000,  0, 0, 0
L -420.0000, -261.0000, 72.0000,  -404.0000, -258.0000, 71.0000,  0, 0, 0
L -404.0000, -258.0000, 71.0000,  -404.0000, -182.0000, 71.0000,  0, 0, 0
L -404.0000, -182.0000, 71.0000,  -419.0000, -181.0000, 71.0000,  0, 0, 0
L -419.0000, -181.0000, 71.0000,  -420.0000, -130.0000, 48.0000,  0, 0, 0
L -420.0000, -130.0000, 48.0000,  -404.0000, -128.0000, 48.0000,  0, 0, 0
L -404.0000, -128.0000, 48.0000,  -404.0000, -32.0000, 39.0000,  0, 0, 0
L -404.0000, -32.0000, 39.0000,  -361.0000, -30.0000, 21.0000,  0, 0, 0
L -361.0000, -30.0000, 21.0000,  -359.0000, -46.0000, 21.0000,  0, 0, 0
L -359.0000, -46.0000, 21.0000,  -283.0000, -46.0000, 21.0000,  0, 0, 0
L -283.0000, -46.0000, 21.0000,  -283.0000, -32.0000, 21.0000,  0, 0, 0
L -283.0000, -32.0000, 21.0000,  -230.0000, -31.0000, -3.0000,  0, 0, 0
L -230.0000, -31.0000, -3.0000,  -229.0000, -46.0000, -3.0000,  0, 0, 0
L -229.0000, -46.0000, -3.0000,  -154.0000, -46.0000, -3.0000,  0, 0, 0
L -154.0000, -46.0000, -3.0000,  -154.0000, -11.0000, 2.0000,  0, 0, 0
L -154.0000, -11.0000, 2.0000,  -142.0000, -11.0000, 0.0000,  0, 0, 0
L -142.0000, 11.0000, 0.0000,  -142.0000, 133.0000, 3.0000,  0, 0, 0
L -142.0000, 133.0000, 3.0000,  -133.0000, 142.0000, 3.0000,  0, 0, 0
L -133.0000, 142.0000, 3.0000,  -11.0000, 142.0000, 0.0000,  0, 0, 0
L -11.0000, 142.0000, 3.0000,  -10.0000, 154.0000, 3.0000,  0, 0, 0
L -10.0000, 154.0000, 3.0000,  -30.0000, 154.0000, 3.0000,  0, 0, 0
L -30.0000, 154.0000, 3.0000,  -31.0000, 189.0000, 3.0000,  0, 0, 0
L -31.0000, 189.0000, 3.0000,  -58.0000, 190.0000, 4.0000,  0, 0, 0
L -58.0000, 190.0000, 4.0000,  -59.0000, 201.0000, 3.0000,  0, 0, 0
L -59.0000, 201.0000, 3.0000,  -71.0000, 202.0000, 4.0000,  0, 0, 0
L -71.0000, 202.0000, 4.0000,  -281.0000, 411.0000, 4.0000,  0, 0, 0
L -281.0000, 411.0000, 4.0000,  -352.0000, 412.0000, 4.0000,  0, 0, 0
L -352.0000, 412.0000, 4.0000,  -354.0000, 403.0000, 4.0000,  0, 0, 0
L -354.0000, 403.0000, 4.0000,  -446.0000, 403.0000, 4.0000,  0, 0, 0
L -446.0000, 403.0000, 4.0000,  -446.0000, 442.0000, 3.0000,  0, 0, 0
L -446.0000, 442.0000, 3.0000,  -466.0000, 443.0000, 1.0000,  0, 0, 0
L -466.0000, 443.0000, 1.0000,  -467.0000, 417.0000, 1.0000,  0, 0, 0
L -467.0000, 417.0000, 1.0000,  -651.0000, 417.0000, 1.0000,  0, 0, 0
L -651.0000, 417.0000, 1.0000,  -652.0000, 470.0000, 1.0000,  0, 0, 0
L -652.0000, 470.0000, 1.0000,  -688.0000, 473.0000, 7.0000,  0, 0, 0
L -688.0000, 473.0000, 7.0000,  -688.0000, 474.0000, 7.0000,  0, 0, 0
L -688.0000, 474.0000, 7.0000,  -700.0000, 474.0000, 7.0000,  0, 0, 0
L -700.0000, 474.0000, 7.0000,  -700.0000, 439.0000, 7.0000,  0, 0, 0
L -700.0000, 531.0000, 9.0000,  -700.0000, 496.0000, 7.0000,  0, 0, 0
L -700.0000, 496.0000, 7.0000,  -688.0000, 496.0000, 7.0000,  0, 0, 0
L -688.0000, 496.0000, 7.0000,  -688.0000, 497.0000, 7.0000,  0, 0, 0
L -688.0000, 497.0000, 7.0000,  -652.0000, 500.0000, 1.0000,  0, 0, 0
L -652.0000, 500.0000, 1.0000,  -651.0000, 553.0000, 1.0000,  0, 0, 0
L -651.0000, 553.0000, 1.0000,  -467.0000, 553.0000, 1.0000,  0, 0, 0
L -467.0000, 553.0000, 1.0000,  -466.0000, 474.0000, 1.0000,  0, 0, 0
L -466.0000, 474.0000, 1.0000,  -447.0000, 473.0000, 1.0000,  0, 0, 0
L -447.0000, 473.0000, 1.0000,  -448.0000, 773.0000, 2.0000,  0, 0, 0
L -448.0000, 773.0000, 2.0000,  -461.0000, 773.0000, 2.0000,  0, 0, 0
L -461.0000, 773.0000, 2.0000,  -463.0000, 701.0000, 1.0000,  0, 0, 0
L -463.0000, 701.0000, 1.0000,  -731.0000, 701.0000, 1.0000,  0, 0, 0
L -731.0000, 701.0000, 1.0000,  -731.0000, 921.0000, 1.0000,  0, 0, 0
L -731.0000, 921.0000, 1.0000,  -463.0000, 921.0000, 1.0000,  0, 0, 0
L -463.0000, 921.0000, 1.0000,  -463.0000, 851.0000, 1.0000,  0, 0, 0
L -463.0000, 851.0000, 1.0000,  -446.0000, 851.0000, 2.0000,  0, 0, 0
L -446.0000, 851.0000, 2.0000,  -446.0000, 908.0000, 2.0000,  0, 0, 0
L -446.0000, 908.0000, 2.0000,  -340.0000, 908.0000, 2.0000,  0, 0, 0
L -340.0000, 908.0000, 2.0000,  -340.0000, 885.0000, 2.0000,  0, 0, 0
L -340.0000, 885.0000, 2.0000,  -304.0000, 883.0000, 2.0000,  0, 0, 0
L -304.0000, 883.0000, 2.0000,  -302.0000, 899.0000, 2.0000,  0, 0, 0
L -302.0000, 899.0000, 2.0000,  -291.0000, 900.0000, 2.0000,  0, 0, 0
L -291.0000, 900.0000, 2.0000,  -290.0000, 911.0000, 2.0000,  0, 0, 0
L -290.0000, 911.0000, 2.0000,  -198.0000, 911.0000, 2.0000,  0, 0, 0
L -198.0000, 911.0000, 2.0000,  -198.0000, 775.0000, -11.0000,  0, 0, 0
L -198.0000, 775.0000, -11.0000,  -177.0000, 774.0000, -11.0000,  0, 0, 0
L -177.0000, 774.0000, -11.0000,  -176.0000, 898.0000, -11.0000,  0, 0, 0
L -176.0000, 898.0000, -11.0000,  -84.0000, 898.0000, -11.0000,  0, 0, 0
L -84.0000, 898.0000, -11.0000,  -84.0000, 861.0000, -11.0000,  0, 0, 0
L -84.0000, 861.0000, -11.0000,  -75.0000, 857.0000, 1.0000,  0, 0, 0
L -75.0000, 857.0000, 1.0000,  -75.0000, 854.0000, 0.0000,  0, 0, 0
L -75.0000, 854.0000, 0.0000,  -63.0000, 854.0000, 0.0000,  0, 0, 0
L -63.0000, 854.0000, 0.0000,  -63.0000, 952.0000, 0.0000,  0, 0, 0
L -63.0000, 952.0000, 0.0000,  19.0000, 1034.0000, 0.0000,  0, 0, 0
L 19.0000, 1034.0000, 0.0000,  237.0000, 1034.0000, 0.0000,  0, 0, 0
L 237.0000, 1034.0000, 0.0000,  319.0000, 952.0000, 0.0000,  0, 0, 0
L 319.0000, 952.0000, 0.0000,  319.0000, 734.0000, 0.0000,  0, 0, 0
L 319.0000, 734.0000, 0.0000,  237.0000, 652.0000, 0.0000,  0, 0, 0
L 237.0000, 652.0000, 0.0000,  19.0000, 652.0000, 0.0000,  0, 0, 0
L 19.0000, 652.0000, 0.0000,  -63.0000, 734.0000, 0.0000,  0, 0, 0
L -63.0000, 734.0000, 0.0000,  -63.0000, 832.0000, 0.0000,  0, 0, 0
L -63.0000, 832.0000, 0.0000,  -75.0000, 832.0000, 0.0000,  0, 0, 0
L -75.0000, 832.0000, 0.0000,  -75.0000, 829.0000, 1.0000,  0, 0, 0
L -75.0000, 829.0000, 1.0000,  -83.0000, 828.0000, 1.0000,  0, 0, 0
L -83.0000, 828.0000, 1.0000,  -84.0000, 688.0000, 1.0000,  0, 0, 0
L -84.0000, 688.0000, 1.0000,  -176.0000, 688.0000, 1.0000,  0, 0, 0
L -176.0000, 688.0000, 1.0000,  -177.0000, 712.0000, 0.0000,  0, 0, 0
L -177.0000, 712.0000, 0.0000,  -196.0000, 713.0000, 0.0000,  0, 0, 0
L -196.0000, 713.0000, 0.0000,  -198.0000, 688.0000, 1.0000,  0, 0, 0
L -198.0000, 688.0000, 1.0000,  -290.0000, 688.0000, 0.0000,  0, 0, 0
L -290.0000, 688.0000, 0.0000,  -290.0000, 805.0000, 0.0000,  0, 0, 0
L -290.0000, 805.0000, 0.0000,  -302.0000, 807.0000, 0.0000,  0, 0, 0
L -302.0000, 807.0000, 0.0000,  -304.0000, 823.0000, 0.0000,  0, 0, 0
L -304.0000, 823.0000, 0.0000,  -353.0000, 822.0000, 0.0000,  0, 0, 0
L -353.0000, 822.0000, 0.0000,  -353.0000, 505.0000, 0.0000,  0, 0, 0
L -353.0000, 505.0000, 0.0000,  -283.0000, 504.0000, 0.0000,  0, 0, 0
L -283.0000, 504.0000, 0.0000,  -73.0000, 295.0000, 1.0000,  0, 0, 0
L -73.0000, 295.0000, 1.0000,  68.0000, 294.0000, 1.0000,  0, 0, 0
L 68.0000, 294.0000, 1.0000,  276.0000, 502.0000, 2.0000,  0, 0, 0
L 276.0000, 502.0000, 2.0000,  276.0000, 489.0000, 2.0000,  0, 0, 0
L 276.0000, 489.0000, 2.0000,  288.0000, 489.0000, 1.0000,  0, 0, 0
L 288.0000, 489.0000, 1.0000,  289.0000, 513.0000, 1.0000,  0, 0, 0
L 289.0000, 513.0000, 1.0000,  381.0000, 513.0000, 0.0000,  0, 0, 0
L 381.0000, 513.0000, 0.0000,  382.0000, 259.0000, 1.0000,  0, 0, 0
L 382.0000, 259.0000, 1.0000,  394.0000, 262.0000, 1.0000,  0, 0, 0
L 394.0000, 262.0000, 1.0000,  461.0000, 195.0000, 2.0000,  0, 0, 0
L 461.0000, 195.0000, 2.0000,  602.0000, 194.0000, 1.0000,  0, 0, 0
L 602.0000, 194.0000, 1.0000,  674.0000, 266.0000, 2.0000,  0, 0, 0
L 674.0000, 266.0000, 2.0000,  718.0000, 266.0000, 0.0000,  0, 0, 0
L 718.0000, 266.0000, 0.0000,  718.0000, 278.0000, 0.0000,  0, 0, 0
L 718.0000, 278.0000, 0.0000,  683.0000, 278.0000, 0.0000,  0, 0, 0
L 683.0000, 278.0000, 0.0000,  683.0000, 354.0000, 0.0000,  0, 0, 0
L 683.0000, 354.0000, 0.0000,  698.0000, 355.0000, 0.0000,  0, 0, 0
L 698.0000, 355.0000, 0.0000,  699.0000, 386.0000, 10.0000,  0, 0, 0
L 699.0000, 386.0000, 10.0000,  603.0000, 390.0000, 25.0000,  0, 0, 0
L 603.0000, 390.0000, 25.0000,  600.0000, 456.0000, 25.0000,  0, 0, 0
L 600.0000, 456.0000, 25.0000,  602.0000, 457.0000, 25.0000,  0, 0, 0
L 602.0000, 457.0000, 25.0000,  603.0000, 564.0000, 25.0000,  0, 0, 0
L 603.0000, 564.0000, 25.0000,  600.0000, 566.0000, 25.0000,  0, 0, 0
L 600.0000, 566.0000, 25.0000,  600.0000, 594.0000, 25.0000,  0, 0, 0
L 600.0000, 594.0000, 25.0000,  602.0000, 595.0000, 25.0000,  0, 0, 0
L 602.0000, 595.0000, 25.0000,  603.0000, 644.0000, 25.0000,  0, 0, 0
L 603.0000, 644.0000, 25.0000,  583.0000, 683.0000, 25.0000,  0, 0, 0
L 583.0000, 683.0000, 25.0000,  580.0000, 682.0000, 25.0000,  0, 0, 0
L 580.0000, 682.0000, 25.0000,  565.0000, 711.0000, 25.0000,  0, 0, 0
L 565.0000, 711.0000, 25.0000,  567.0000, 713.0000, 25.0000,  0, 0, 0
L 567.0000, 713.0000, 25.0000,  508.0000, 834.0000, 25.0000,  0, 0, 0
L 508.0000, 834.0000, 25.0000,  539.0000, 835.0000, 25.0000,  0, 0, 0
L 539.0000, 835.0000, 25.0000,  540.0000, 929.0000, 32.0000,  0, 0, 0
L 540.0000, 929.0000, 32.0000,  590.0000, 929.0000, 32.0000,  0, 0, 0
L 590.0000, 929.0000, 32.0000,  590.0000, 941.0000, 32.0000,  0, 0, 0
L 590.0000, 941.0000, 32.0000,  587.0000, 941.0000, 32.0000,  0, 0, 0
L 587.0000, 941.0000, 32.0000,  587.0000, 963.0000, 32.0000,  0, 0, 0
L 587.0000, 963.0000, 32.0000,  663.0000, 1040.0000, 32.0000,  0, 0, 0
L 663.0000, 1040.0000, 32.0000,  663.0000, 1039.0000, 32.0000,  0, 0, 0
L 663.0000, 1039.0000, 32.0000,  675.0000, 1039.0000, 32.0000,  0, 0, 0
L 675.0000, 1039.0000, 32.0000,  675.0000, 1090.0000, 32.0000,  0, 0, 0
L 675.0000, 1090.0000, 32.0000,  799.0000, 1090.0000, 32.0000,  0, 0, 0
L 799.0000, 1090.0000, 32.0000,  799.0000, 1039.0000, 32.0000,  0, 0, 0
L 799.0000, 1039.0000, 32.0000,  811.0000, 1040.0000, 32.0000,  0, 0, 0
L 811.0000, 1040.0000, 32.0000,  887.0000, 963.0000, 32.0000,  0, 0, 0
L 887.0000, 963.0000, 32.0000,  887.0000, 941.0000, 32.0000,  0, 0, 0
L 887.0000, 941.0000, 32.0000,  884.0000, 941.0000, 32.0000,  0, 0, 0
L 884.0000, 941.0000, 32.0000,  884.0000, 929.0000, 32.0000,  0, 0, 0
L 884.0000, 929.0000, 32.0000,  918.0000, 929.0000, 32.0000,  0, 0, 0
L 918.0000, 929.0000, 32.0000,  919.0000, 835.0000, 24.0000,  0, 0, 0
L 919.0000, 835.0000, 24.0000,  950.0000, 834.0000, 25.0000,  0, 0, 0
L 950.0000, 834.0000, 25.0000,  891.0000, 715.0000, 25.0000,  0, 0, 0
L 891.0000, 715.0000, 25.0000,  893.0000, 711.0000, 25.0000,  0, 0, 0
L 893.0000, 711.0000, 25.0000,  878.0000, 682.0000, 25.0000,  0, 0, 0
L 878.0000, 682.0000, 25.0000,  875.0000, 683.0000, 25.0000,  0, 0, 0
L 875.0000, 683.0000, 25.0000,  856.0000, 645.0000, 25.0000,  0, 0, 0
L 856.0000, 645.0000, 25.0000,  855.0000, 596.0000, 25.0000,  0, 0, 0
L 855.0000, 596.0000, 25.0000,  858.0000, 594.0000, 25.0000,  0, 0, 0
L 858.0000, 594.0000, 25.0000,  858.0000, 566.0000, 25.0000,  0, 0, 0
L 858.0000, 566.0000, 25.0000,  855.0000, 565.0000, 25.0000,  0, 0, 0
L 855.0000, 565.0000, 25.0000,  855.0000, 459.0000, 25.0000,  0, 0, 0
L 855.0000, 459.0000, 25.0000,  858.0000, 456.0000, 25.0000,  0, 0, 0
L 858.0000, 456.0000, 25.0000,  858.0000, 428.0000, 25.0000,  0, 0, 0
L 858.0000, 428.0000, 25.0000,  856.0000, 427.0000, 25.0000,  0, 0, 0
L 856.0000, 427.0000, 25.0000,  855.0000, 390.0000, 25.0000,  0, 0, 0
L 855.0000, 390.0000, 25.0000,  762.0000, 390.0000, 25.0000,  0, 0, 0
L 612.0000, 929.0000, 32.0000,  862.0000, 929.0000, 32.0000,  0, 0, 0
L 862.0000, 929.0000, 32.0000,  862.0000, 941.0000, 32.0000,  0, 0, 0
L 862.0000, 941.0000, 32.0000,  859.0000, 941.0000, 32.0000,  0, 0, 0
L 859.0000, 941.0000, 32.0000,  858.0000, 965.0000, 32.0000,  0, 0, 0
L 858.0000, 965.0000, 32.0000,  811.0000, 1013.0000, 32.0000,  0, 0, 0
L 811.0000, 1013.0000, 32.0000,  811.0000, 1017.0000, 32.0000,  0, 0, 0
L 811.0000, 1017.0000, 32.0000,  799.0000, 1017.0000, 32.0000,  0, 0, 0
L 799.0000, 1017.0000, 32.0000,  799.0000, 1014.0000, 32.0000,  0, 0, 0
L 799.0000, 1014.0000, 32.0000,  675.0000, 1014.0000, 32.0000,  0, 0, 0
L 675.0000, 1014.0000, 32.0000,  675.0000, 1017.0000, 32.0000,  0, 0, 0
L 675.0000, 1017.0000, 32.0000,  663.0000, 1017.0000, 32.0000,  0, 0, 0
L 663.0000, 1017.0000, 32.0000,  663.0000, 1013.0000, 32.0000,  0, 0, 0
L 663.0000, 1013.0000, 32.0000,  616.0000, 966.0000, 32.0000,  0, 0, 0
L 616.0000, 966.0000, 32.0000,  615.0000, 941.0000, 32.0000,  0, 0, 0
L 615.0000, 941.0000, 32.0000,  612.0000, 941.0000, 32.0000,  0, 0, 0
L 612.0000, 941.0000, 32.0000,  612.0000, 929.0000, 32.0000,  0, 0, 0
L 761.0000, 390.0000, 25.0000,  760.0000, 356.0000, -1.0000,  0, 0, 0
L 760.0000, 356.0000, -1.0000,  775.0000, 354.0000, -1.0000,  0, 0, 0
L 775.0000, 354.0000, -1.0000,  775.0000, 278.0000, -1.0000,  0, 0, 0
L 775.0000, 278.0000, -1.0000,  740.0000, 278.0000, 1.0000,  0, 0, 0
L 740.0000, 278.0000, 1.0000,  740.0000, 266.0000, 1.0000,  0, 0, 0
L 740.0000, 266.0000, 1.0000,  775.0000, 266.0000, 1.0000,  0, 0, 0
L 775.0000, 266.0000, 1.0000,  775.0000, 163.0000, 2.0000,  0, 0, 0
L 775.0000, 163.0000, 2.0000,  683.0000, 163.0000, 2.0000,  0, 0, 0
L 683.0000, 163.0000, 2.0000,  682.0000, 172.0000, 2.0000,  0, 0, 0
L 682.0000, 172.0000, 2.0000,  672.0000, 172.0000, 3.0000,  0, 0, 0
L 672.0000, 172.0000, 3.0000,  601.0000, 102.0000, 3.0000,  0, 0, 0
L 601.0000, 102.0000, 3.0000,  463.0000, 102.0000, 3.0000,  0, 0, 0
L 463.0000, 102.0000, 3.0000,  394.0000, 171.0000, 3.0000,  0, 0, 0
L 394.0000, 171.0000, 3.0000,  394.0000, 186.0000, 3.0000,  0, 0, 0
L 394.0000, 186.0000, 3.0000,  383.0000, 188.0000, 3.0000,  0, 0, 0
L 383.0000, 188.0000, 3.0000,  381.0000, 163.0000, 3.0000,  0, 0, 0
L 381.0000, 163.0000, 3.0000,  289.0000, 163.0000, 3.0000,  0, 0, 0
L 289.0000, 163.0000, 3.0000,  288.0000, 418.0000, 4.0000,  0, 0, 0
L 288.0000, 418.0000, 4.0000,  277.0000, 418.0000, 3.0000,  0, 0, 0
L 277.0000, 418.0000, 3.0000,  276.0000, 411.0000, 4.0000,  0, 0, 0
L 276.0000, 411.0000, 4.0000,  67.0000, 202.0000, 4.0000,  0, 0, 0
L 67.0000, 202.0000, 4.0000,  55.0000, 201.0000, 4.0000,  0, 0, 0
L 55.0000, 201.0000, 4.0000,  54.0000, 190.0000, 5.0000,  0, 0, 0
L 54.0000, 190.0000, 5.0000,  31.0000, 189.0000, 5.0000,  0, 0, 0
L 31.0000, 189.0000, 5.0000,  30.0000, 154.0000, 4.0000,  0, 0, 0
L 30.0000, 154.0000, 4.0000,  10.0000, 154.0000, 0.0000,  0, 0, 0
L 10.0000, 154.0000, 0.0000,  11.0000, 142.0000, 0.0000,  0, 0, 0
L -142.0000, 11.0000, 0.0000,  -154.0000, 11.0000, 0.0000,  0, 0, 0
L -154.0000, 11.0000, 0.0000,  -154.0000, 46.0000, 1.0000,  0, 0, 0
L -154.0000, 46.0000, 1.0000,  -229.0000, 46.0000, 0.0000,  0, 0, 0
L -229.0000, 46.0000, 0.0000,  -230.0000, 31.0000, 0.0000,  0, 0, 0
L -230.0000, 31.0000, 0.0000,  -282.0000, 31.0000, 20.0000,  0, 0, 0
L -282.0000, 31.0000, 20.0000,  -283.0000, 46.0000, 20.0000,  0, 0, 0
L -283.0000, 46.0000, 20.0000,  -359.0000, 46.0000, 20.0000,  0, 0, 0
L -359.0000, 46.0000, 20.0000,  -359.0000, 32.0000, 21.0000,  0, 0, 0
L -359.0000, 32.0000, 21.0000,  -404.0000, 32.0000, 36.0000,  0, 0, 0
L -404.0000, 32.0000, 36.0000,  -404.0000, 55.0000, 36.0000,  0, 0, 0
L -404.0000, 55.0000, 36.0000,  -496.0000, 55.0000, 36.0000,  0, 0, 0
L -496.0000, 55.0000, 36.0000,  -496.0000, -128.0000, 45.0000,  0, 0, 0
L -496.0000, -128.0000, 45.0000,  -480.0000, -130.0000, 45.0000,  0, 0, 0
L -480.0000, -130.0000, 45.0000,  -481.0000, -181.0000, 68.0000,  0, 0, 0
L -481.0000, -181.0000, 68.0000,  -496.0000, -182.0000, 68.0000,  0, 0, 0
L -496.0000, -182.0000, 68.0000,  -496.0000, -258.0000, 68.0000,  0, 0, 0
L -496.0000, -258.0000, 68.0000,  -480.0000, -259.0000, 69.0000,  0, 0, 0
L -480.0000, -259.0000, 69.0000,  -480.0000, -296.0000, 68.0000,  0, 0, 0
L -480.0000, -296.0000, 68.0000,  -468.0000, -296.0000, 68.0000,  0, 0, 0
L -468.0000, -296.0000, 68.0000,  -461.0000, -296.0000, 97.0000,  0, 0, 0
L -461.0000, -296.0000, 97.0000,  -461.0000, -307.0000, 96.0000,  0, 0, 0
L -461.0000, -307.0000, 96.0000,  -536.0000, -307.0000, 97.0000,  0, 0, 0
L -536.0000, -307.0000, 97.0000,  -536.0000, -385.0000, 96.0000,  0, 0, 0
L -536.0000, -385.0000, 96.0000,  -554.0000, -387.0000, 96.0000,  0, 0, 0
L -554.0000, -387.0000, 96.0000,  -556.0000, -307.0000, 97.0000,  0, 0, 0
L -556.0000, -307.0000, 97.0000,  -664.0000, -307.0000, 97.0000,  0, 0, 0
L -664.0000, -307.0000, 97.0000,  -664.0000, -412.0000, 97.0000,  0, 0, 0
L -664.0000, -412.0000, 97.0000,  -618.0000, -412.0000, 96.0000,  0, 0, 0
L -618.0000, -412.0000, 96.0000,  -618.0000, -426.0000, 96.0000,  0, 0, 0
L -618.0000, -426.0000, 96.0000,  -664.0000, -426.0000, 98.0000,  0, 0, 0
L -664.0000, -426.0000, 98.0000,  -664.0000, -529.0000, 97.0000,  0, 0, 0
L -664.0000, -529.0000, 97.0000,  -556.0000, -529.0000, 97.0000,  0, 0, 0
L -556.0000, -529.0000, 97.0000,  -556.0000, -451.0000, 96.0000,  0, 0, 0
L -556.0000, -451.0000, 96.0000,  -536.0000, -451.0000, 96.0000,  0, 0, 0
L -536.0000, -451.0000, 96.0000,  -536.0000, -529.0000, 97.0000,  0, 0, 0
L -536.0000, -529.0000, 97.0000,  -461.0000, -529.0000, 96.0000,  0, 0, 0
L -461.0000, -529.0000, 96.0000,  -461.0000, -540.0000, 96.0000,  0, 0, 0
L -439.0000, -540.0000, 96.0000,  -439.0000, -529.0000, 96.0000,  0, 0, 0
L -439.0000, -529.0000, 96.0000,  -396.0000, -529.0000, 96.0000,  0, 0, 0
L -396.0000, -529.0000, 96.0000,  -396.0000, -451.0000, 96.0000,  0, 0, 0
L -396.0000, -451.0000, 96.0000,  -376.0000, -451.0000, 96.0000,  0, 0, 0
L -376.0000, -451.0000, 96.0000,  -376.0000, -529.0000, 97.0000,  0, 0, 0
L -376.0000, -529.0000, 97.0000,  -268.0000, -529.0000, 97.0000,  0, 0, 0
L -268.0000, -529.0000, 97.0000,  -268.0000, -451.0000, 96.0000,  0, 0, 0
L -268.0000, -451.0000, 96.0000,  -248.0000, -452.0000, 96.0000,  0, 0, 0
L -248.0000, -452.0000, 96.0000,  -248.0000, -529.0000, 97.0000,  0, 0, 0
L -248.0000, -529.0000, 97.0000,  -140.0000, -529.0000, 96.0000,  0, 0, 0
L -140.0000, -529.0000, 96.0000,  -140.0000, -499.0000, 96.0000,  0, 0, 0
L -140.0000, -499.0000, 96.0000,  -129.0000, -499.0000, 96.0000,  0, 0, 0
L -1433.0000, -575.0000, 120.0000,  -1465.0000, -575.0000, 108.0000,  0, 0, 0
L -1465.0000, -575.0000, 108.0000,  -1514.0000, -574.0000, 108.0000,  240, 0, 156
L -1514.0000, -574.0000, 108.0000,  -1514.0000, -621.0000, 108.0000,  0, 0, 0
L -1433.0000, -575.0000, 120.0000,  -1411.0000, -575.0000, 120.0000,  0, 0, 0
L -1411.0000, -575.0000, 120.0000,  -1408.0000, -495.0000, 120.0000,  0, 0, 0
L -1408.0000, -495.0000, 120.0000,  -1314.0000, -495.0000, 120.0000,  0, 0, 0
L -1314.0000, -495.0000, 120.0000,  -1314.0000, -506.0000, 120.0000,  0, 0, 0
P 791.3544, -285.7704, 95.0020,  0, 0, 0,  3,  Pxet_Elite_Spearmaster
P 1845.0000, -599.0000, 108.0000,  240, 0, 0,  3,  to_Barindu
P 76.0000, -1603.0000, 108.0000,  240, 0, 0,  3,  to_Riwwi
P -1494.0000, -581.0000, 108.0000,  240, 0, 0,  3,  to_Qinimi
P -1210.0000, 586.0000, 103.0000,  0, 0, 0,  3,  Smith_Rondo
