P 1067.1936, 2046.0151, 35.7277,  0, 0, 0,  3,  to_Emerald_Jungle
P -1130.3911, 3223.5242, 8.6260,  0, 0, 0,  3,  to_Swamp_of_No_Hope
P -4016.6936, -1409.4587, 0.0010,  0, 0, 0,  3,  to_Warsliks_Woods
P -3600.6663, 2649.2458, 4.0948,  0, 0, 0,  3,  to_East_Cabilis
P 168.5807, 1892.7026, -131.3964,  0, 0, 0,  3,  to_Kaesora
P -997.2966, -459.5023, 61.3135,  0, 0, 0,  3,  to_Kurn's_Tower
P -3294.0000, 2652.0000, 44.2822,  0, 0, 0,  3,  Naman_(Merchant)
P -2984.0000, 2463.0000, 44.3135,  0, 0, 0,  3,  Acet_(Merchant)
P -3351.0000, 2361.0000, 38.3447,  0, 0, 0,  3,  Tugin_(Armor)
P -3305.0000, 2261.0000, 44.2822,  0, 0, 0,  3,  Canip_(Weapons)
