P -2661, 3287, 0, 255, 255, 255, 2, Bank
P -3337, 3374, 0, 255, 255, 255, 2, Fletching
P -2563, 2737, 0, 255, 255, 255, 2, Food_&_water
P -2425, 3605, 0, 255, 255, 255, 2, Gems
P -1672, 3773, 0, 255, 255, 255, 2, Alchemy
P -1471, 4557, 0, 255, 255, 255, 2, Boat
P -2283, 3222, 0, 255, 255, 255, 2, Potions
P -3000, 2907, 0, 255, 255, 255, 2, Alcohol
P 2200, -4675, 0, 255, 255, 0, 2, Swamp_of_no_Hope
P -2700, -4675, 0, 255, 255, 0, 2, Swamp_of_no_Hope
P -6000, 50, 0, 255, 255, 0, 2, Dreadlands
P 1220, 8400, 0, 255, 255, 0, 2, Timorous_Deep
P -1440, 2392, 0, 255, 255, 255, 2, Succor_Point
