P 793.6586, -73.2409, -53.1104,  0, 0, 0,  3,  Romiak_(GM_Enchanter)
P 813.2334, -17.7094, -52.2177,  0, 0, 0,  3,  Dulia_(Gems)
P 760.9504, -118.5724, 3.7510,  0, 0, 0,  3,  Tharma_(Spells)
P 767.6476, -118.6539, -23.2490,  0, 0, 0,  3,  Monat_(Spells)
P 752.9734, -138.2576, -10.2490,  0, 0, 0,  3,  Xinari_(Spells)
P 737.4183, -140.9227, -10.2490,  0, 0, 0,  3,  Lysin_(Gems)
P 717.9590, -137.0047, 30.5010,  0, 0, 0,  3,  Respin_(GM_Magician)
P 769.2481, -114.6455, 2.5010,  0, 0, 0,  3,  Palon_(GM_Wizard)
P 718.4075, -152.3451, -24.4990,  0, 0, 0,  3,  Besklor_(GM_Enchanter)
P -5.8240, -103.2113, -13.3740,  0, 0, 0,  3,  Krystin_(Baking)
P 30.7649, 21.4169, -27.3740,  0, 0, 0,  3,  Boomba_(Merchant)
P 42.8602, 315.3393, -11.4990,  0, 0, 0,  3,  Cain_(GM_Warrior)
P 289.6731, -1581.2169, 0.6260,  0, 0, 0,  3,  to_North_Freeport
P 109.5091, 73.8510, -27.3740,  0, 0, 0,  3,  Militia_House
P 639.7264, -235.4541, -27.3740,  0, 0, 0,  3,  to_North_Freeport
P 207.7016, 316.3793, -38.2177,  0, 0, 0,  3,  Arena
P -785.8377, 27.8752, -27.3740,  0, 0, 0,  3,  to_East_Commons
P 115.1978, -243.0835, -13.3740,  0, 0, 0,  3,  to_North_Freeport
P 634.1978, 385.6102, -27.3740,  0, 0, 0,  3,  to_East_Freeport
P 943.7111, 82.7412, -27.3740,  0, 0, 0,  3,  to_East_Freeport
P 1631.3038, 740.7910, -97.3427,  0, 0, 0,  3,  to_East_Freeport
P -78.9958, 684.2187, -31.8925,  0, 0, 0,  3,  Knowledge_Portal
