P 550, 1360, 0, 255, 255, 255, 2, Outpost
P -462, -32, 0, 255, 255, 255, 2, Bandit_Camp
P 45, -646, 0, 255, 255, 255, 2, Mushroom_Huts
P 238, -456, 0, 255, 255, 255, 2, Bandit_Camp
P 206, -354, 0, 255, 255, 255, 2, Bandit_Camp
P 424, -373, 0, 255, 255, 255, 2, Tarmok_Huts
P 613, 169, 0, 255, 255, 255, 2, Tarmok_Huts
P 451, -234, 0, 255, 255, 255, 2, Tarmok_Huts
P -463, -276, 0, 255, 255, 255, 2, Bandit_Camp
P -2321, -1955, 0, 255, 255, 255, 2, Twilight_Sea
P 1005, 2140, 0, 255, 255, 255, 2, Succor_Point
