P -2657.4236, 1641.3788, 0.0010,  0, 0, 0,  3,  to_Butcherblock
P 1111.2891, 2620.9417, 0.0010,  0, 0, 0,  3,  to_Lesser_Faydark
P -214.0000, -203.0000, -3.3068,  0, 0, 0,  3,  Priest_of_Discord
P 550.0000, 537.0000, 157.9072,  0, 0, 0,  3,  Hendricks_(Spells)
P -219.6046, -962.1014, -24.6524,  0, 0, 0,  3,  Lift
P -257.3809, -137.6516, 5.1581,  0, 0, 0,  3,  Lift
P 129.1105, -1.7963, 5.4081,  0, 0, 0,  3,  Lift
P -210.9279, 619.4697, 73.9385,  0, 0, 0,  3,  Spell_Merchants
P -223.6672, 700.4331, 73.9385,  0, 0, 0,  3,  Druid_Guild
P -296.4741, 283.6147, 73.9697,  0, 0, 0,  3,  Bard_Guild
P -259.6715, 224.2242, 73.9697,  0, 0, 0,  3,  Spell_Merchants
P 382.0000, 348.0000, 114.4072,  0, 0, 0,  3,  Oakstout_(Soulbinder)
P 451.0000, 2018.0000, -3.7227,  0, 0, 0,  3,  Nexus_Scion
P -241.0000, -311.0000, 73.9697,  0, 0, 0,  3,  Muvien_(Merchant)
P -466.0000, 427.0000, 114.4072,  0, 0, 0,  3,  Tuluvdar_(Merchant)
P 211.0000, 481.0000, 157.9697,  0, 0, 0,  3,  Gililya_(Merchant)
P -718.0000, 195.0000, 114.4072,  0, 0, 0,  3,  Willaen_(Bank)
P 131.0000, 114.0000, 73.9697,  0, 0, 0,  3,  Gaeadin_(Tailor)
P 545.0000, 142.0000, 157.9697,  0, 0, 0,  3,  Linadian_(Tailor)
P 565.0000, 107.0000, 157.9697,  0, 0, 0,  3,  Nluolian_(Smith)
P -345.0000, -110.0000, 73.9697,  0, 0, 0,  3,  Linolyen_(Smith)
P 116.0000, 336.0000, 73.9697,  0, 0, 0,  3,  Aluwenae_(Tailor)
P -205.0000, -867.0000, 73.9697,  0, 0, 0,  3,  Nildar_(Potter)
P -51.0000, 480.0000, 157.9697,  0, 0, 0,  3,  Ainaiana_(Merchant)
P -56.0000, -743.0000, 73.9697,  0, 0, 0,  3,  Tegdian_(Merchant)
P -627.0000, -389.0000, 114.4072,  0, 0, 0,  3,  Tananie_(Merchant)
P -118.0000, 22.0000, 73.9697,  0, 0, 0,  3,  Uaylain_(Smith)
P -23.0000, 504.0000, 157.9697,  0, 0, 0,  3,  Tinolwenya_(Merchant)
P -334.0000, -155.0000, 73.9697,  0, 0, 0,  3,  Kwein_(Merchant)
P 149.0000, 29.0000, 73.9697,  0, 0, 0,  3,  Iludarae_(Merchant)
P -614.0000, -251.0000, 73.9697,  0, 0, 0,  3,  Aianya_(Merchant)
P -542.0000, -322.0000, 73.9385,  0, 0, 0,  3,  Manlawen_(Bar)
P -520.0000, -286.0000, 73.9385,  0, 0, 0,  3,  Uulianu_(Bar)
P -93.0000, -881.0000, 73.9697,  0, 0, 0,  3,  Syntan_(Bar)
P -822.0000, -132.0000, 73.9697,  0, 0, 0,  3,  Tuviena_(Bar)
P -805.0000, -123.0000, 73.9697,  0, 0, 0,  3,  Lysslan_(Bar)
P -677.0000, -394.0000, 114.4072,  0, 0, 0,  3,  Myrisa_(Bar)
P -690.0000, -601.0000, 157.9697,  0, 0, 0,  3,  Aanlawen_(Bar)
P 558.0000, 564.0000, 157.9072,  0, 0, 0,  3,  Sissya_(Bar)
P 550.0000, 515.0000, 157.9072,  0, 0, 0,  3,  Tvanla_(Bar)
P -459.0000, -726.0000, 72.9385,  0, 0, 0,  3,  Linen_(Merchant)
P 157.0000, 553.0000, 157.9697,  0, 0, 0,  3,  Rogue_Guild
P 611.0000, 360.0000, 157.9697,  0, 0, 0,  3,  Tiladinya_(Fletcher)
P -306.0000, -940.0000, 74.0322,  0, 0, 0,  3,  Larya_(Merchant)
P -141.0000, 337.0000, 114.3760,  0, 0, 0,  3,  Wuleran_(Merchant)
P 435.0000, 247.0000, 114.4072,  0, 0, 0,  3,  Anisyla_(Merchant)
P -373.0000, -420.0000, 73.9697,  0, 0, 0,  3,  Legweien_(Potter)
P -364.0000, 643.0000, 74.0010,  0, 0, 0,  3,  Gerienae_(Merchant)
P -387.0000, 676.0000, 74.0010,  0, 0, 0,  3,  Minamas_(Merchant)
P -89.0000, 270.0000, 114.4072,  0, 0, 0,  3,  Winerasea_(Merchant)
P -464.0000, -414.0000, 73.9697,  0, 0, 0,  3,  Neaien_(Fletcher)
P -357.0000, -750.0000, 73.9697,  0, 0, 0,  3,  Kanoldar_(Merchant)
P -338.0000, -428.0000, 157.9697,  0, 0, 0,  3,  Weaolanae_(Merchant)
P 519.0000, 409.0000, 157.9697,  0, 0, 0,  3,  Sylnis_(Fletcher)
P -271.0000, 85.0000, 73.9697,  0, 0, 0,  3,  Tilluen_(Merchant)
P -224.0000, 94.0000, 73.9697,  0, 0, 0,  3,  Aluuvila_(Merchant)
P 133.0000, 496.0000, 73.8760,  0, 0, 0,  3,  Aildien_(Merchant)
P -542.0000, -617.0000, 157.9697,  0, 0, 0,  3,  Laedar_(Jeweller)
P -245.0000, -411.0000, 157.9697,  0, 0, 0,  3,  Kweili_(Jeweller)
P -601.0000, 85.0000, 114.4072,  0, 0, 0,  3,  Ueaas_(Merchant)
P -51.0000, 272.0000, 114.4072,  0, 0, 0,  3,  Kaeluase_(Merchant)
P -329.0000, -414.0000, 73.9697,  0, 0, 0,  3,  Lanin_(Fletcher)
P -264.0000, -318.0000, 73.9697,  0, 0, 0,  3,  Warrior_Guild
P -522.0000, 459.0000, 114.4072,  0, 0, 0,  3,  Ranger_Guild
P -488.3630, 408.8914, 114.4072,  0, 0, 0,  3,  Spell_Merchants
P -136.0000, 188.0000, 114.4697,  0, 0, 0,  3,  Niwiny_(Smith)
P -211.1949, 519.9935, 73.9697,  0, 0, 0,  3,  Brew_Barrel
P -343.5627, -399.7205, 157.9697,  0, 0, 0,  3,  Oven
P -64.0218, 251.3367, 114.4072,  0, 0, 0,  3,  Forge
P -81.5560, 478.7211, 157.9697,  0, 0, 0,  3,  Forge
P 548.3798, 197.9258, 157.9697,  0, 0, 0,  3,  Pottery_Wheel
P 553.2229, 176.6526, 160.0616,  0, 0, 0,  3,  Kiln
P 52.4390, -2596.6643, 15.8447,  0, 0, 0,  3,  to_Crushbone
P 2589.0596, 1976.1204, 20.4072,  0, 0, 0,  3,  to_Felwithe
P 1820.4690, 2258.8372, 5.8023,  0, 0, 0,  3,  Knowledge_Portal
P 758.3782, 169.7533, -3.8427,  0, 0, 0,  3,  Knowledge_Portal
