L -3488.3196, 6397.7559, 129.3824,  -3497.9949, 6410.8110, 129.3770,  0, 127, 127
L -3470.7539, 6374.0571, 129.3826,  -3488.3196, 6397.7559, 129.3824,  0, 127, 127
L -3469.7463, 6372.6953, 129.3813,  -3470.7539, 6374.0571, 129.3826,  0, 127, 127
L -3468.8713, 6370.9609, 129.3942,  -3469.7463, 6372.6953, 129.3813,  0, 127, 127
L -3469.6714, 6367.2295, 129.3806,  -3468.8713, 6370.9609, 129.3942,  0, 127, 127
L -3470.1694, 6364.8936, 129.3974,  -3469.6714, 6367.2295, 129.3806,  0, 127, 127
L -3470.4871, 6363.4077, 129.4008,  -3470.1694, 6364.8936, 129.3974,  0, 127, 127
L -3470.9312, 6361.3345, 129.4008,  -3470.4871, 6363.4077, 129.4008,  0, 127, 127
L -3471.2747, 6359.7305, 129.3974,  -3470.9312, 6361.3345, 129.4008,  0, 127, 127
L -3471.7100, 6357.6968, 129.3991,  -3471.2747, 6359.7305, 129.3974,  0, 127, 127
L -3472.0452, 6356.1323, 129.3991,  -3471.7100, 6357.6968, 129.3991,  0, 127, 127
L -3472.4976, 6354.0200, 129.3985,  -3472.0452, 6356.1323, 129.3991,  0, 127, 127
L -3472.8240, 6352.4946, 129.4009,  -3472.4976, 6354.0200, 129.3985,  0, 127, 127
L -3473.2598, 6350.4604, 129.3991,  -3472.8240, 6352.4946, 129.4009,  0, 127, 127
L -3473.6111, 6348.8174, 129.4023,  -3473.2598, 6350.4604, 129.3991,  0, 127, 127
L -3474.0664, 6346.7061, 129.4005,  -3473.6111, 6348.8174, 129.4023,  0, 127, 127
L -3474.4033, 6345.1421, 129.4005,  -3474.0664, 6346.7061, 129.4005,  0, 127, 127
L -3474.8586, 6343.0308, 129.4005,  -3474.4033, 6345.1421, 129.4005,  0, 127, 127
L -3475.2039, 6341.4277, 129.4023,  -3474.8586, 6343.0308, 129.4005,  0, 127, 127
L -3475.6621, 6339.3198, 129.4089,  -3475.2039, 6341.4277, 129.4023,  0, 127, 127
L -3476.0059, 6337.7607, 129.4117,  -3475.6621, 6339.3198, 129.4089,  0, 127, 127
L -3476.4700, 6335.6558, 129.4133,  -3476.0059, 6337.7607, 129.4117,  0, 127, 127
L -3476.8032, 6334.1353, 129.4068,  -3476.4700, 6335.6558, 129.4133,  0, 127, 127
L -3477.2498, 6332.1084, 129.4090,  -3476.8032, 6334.1353, 129.4068,  0, 127, 127
L -3477.6021, 6330.5103, 129.4118,  -3477.2498, 6332.1084, 129.4090,  0, 127, 127
L -3478.0583, 6328.4482, 129.4119,  -3477.6021, 6330.5103, 129.4118,  0, 127, 127
L -3478.3940, 6326.9307, 129.4093,  -3478.0583, 6328.4482, 129.4119,  0, 127, 127
L -3478.8574, 6324.8296, 129.4105,  -3478.3940, 6326.9307, 129.4093,  0, 127, 127
L -3479.1897, 6323.3193, 129.4073,  -3478.8574, 6324.8296, 129.4105,  0, 127, 127
L -3479.6414, 6321.2720, 129.4061,  -3479.1897, 6323.3193, 129.4073,  0, 127, 127
L -3480.0215, 6319.5474, 129.3961,  -3479.6414, 6321.2720, 129.4061,  0, 127, 127
L -3480.4429, 6317.6694, 129.4641,  -3480.0215, 6319.5474, 129.3961,  0, 127, 127
L -3480.8386, 6315.8496, 129.3875,  -3480.4429, 6317.6694, 129.4641,  0, 127, 127
L -3469.5916, 6297.1045, 129.3932,  -3480.8386, 6315.8496, 129.3875,  0, 127, 127
L -3464.5488, 6288.6992, 129.3920,  -3469.5916, 6297.1045, 129.3932,  0, 127, 127
L -3454.2695, 6271.7305, 129.3857,  -3464.5488, 6288.6992, 129.3920,  0, 127, 127
L -3449.2146, 6263.4219, 129.3865,  -3454.2695, 6271.7305, 129.3857,  0, 127, 127
L -3448.2920, 6261.9575, 129.3770,  -3449.2146, 6263.4219, 129.3865,  0, 127, 127
L -3447.0625, 6260.6992, 129.3770,  -3448.2920, 6261.9575, 129.3770,  0, 127, 127
L -3445.8928, 6259.5015, 129.3770,  -3447.0625, 6260.6992, 129.3770,  0, 127, 127
L -3444.8906, 6258.0474, 129.3770,  -3445.8928, 6259.5015, 129.3770,  0, 127, 127
L -3445.0764, 6256.1543, 129.3925,  -3444.8906, 6258.0474, 129.3770,  0, 127, 127
L -3452.1750, 6240.7798, 129.3880,  -3445.0764, 6256.1543, 129.3925,  0, 127, 127
L -3456.1318, 6232.2100, 129.3889,  -3452.1750, 6240.7798, 129.3880,  0, 127, 127
L -3464.2354, 6214.5249, 129.3852,  -3456.1318, 6232.2100, 129.3889,  0, 127, 127
L -3468.3157, 6205.5962, 129.3839,  -3464.2354, 6214.5249, 129.3852,  0, 127, 127
L -3468.9614, 6204.2056, 129.3847,  -3468.3157, 6205.5962, 129.3839,  0, 127, 127
L -3472.8484, 6201.1016, 129.3808,  -3468.9614, 6204.2056, 129.3847,  0, 127, 127
L -3480.7361, 6194.9604, 129.3852,  -3472.8484, 6201.1016, 129.3808,  0, 127, 127
L -3488.5964, 6189.0063, 129.3770,  -3480.7361, 6194.9604, 129.3852,  0, 127, 127
L -3503.6650, 6177.3989, 129.3876,  -3488.5964, 6189.0063, 129.3770,  0, 127, 127
L -3505.0002, 6176.3730, 129.4302,  -3503.6650, 6177.3989, 129.3876,  0, 127, 127
L -3517.1316, 6177.3320, 129.3986,  -3505.0002, 6176.3730, 129.4302,  0, 127, 127
L -3546.7681, 6179.8257, 129.3870,  -3517.1316, 6177.3320, 129.3986,  0, 127, 127
L -3548.4011, 6179.9585, 129.3777,  -3546.7681, 6179.8257, 129.3870,  0, 127, 127
L -3550.1404, 6180.5557, 129.3906,  -3548.4011, 6179.9585, 129.3777,  0, 127, 127
L -3557.1729, 6199.9136, 129.3856,  -3550.1404, 6180.5557, 129.3906,  0, 127, 127
L -3557.7998, 6201.6392, 129.3853,  -3557.1729, 6199.9136, 129.3856,  0, 127, 127
L -3558.6299, 6203.1978, 129.3770,  -3557.7998, 6201.6392, 129.3853,  0, 127, 127
L -3559.0310, 6205.0273, 129.3918,  -3558.6299, 6203.1978, 129.3770,  0, 127, 127
L -3563.8867, 6218.8979, 129.3902,  -3559.0310, 6205.0273, 129.3918,  0, 127, 127
L -3564.4641, 6220.5479, 129.3901,  -3563.8867, 6218.8979, 129.3902,  0, 127, 127
L -3565.1235, 6222.2017, 129.3770,  -3564.4641, 6220.5479, 129.3901,  0, 127, 127
L -3566.0286, 6223.7129, 129.4922,  -3565.1235, 6222.2017, 129.3770,  0, 127, 127
L -3565.4631, 6225.3628, 129.3866,  -3566.0286, 6223.7129, 129.4922,  0, 127, 127
L -3553.7368, 6235.9502, 129.3975,  -3565.4631, 6225.3628, 129.3866,  0, 127, 127
L -3531.4827, 6255.9160, 129.3990,  -3553.7368, 6235.9502, 129.3975,  0, 127, 127
L -3530.2043, 6257.0576, 129.3972,  -3531.4827, 6255.9160, 129.3990,  0, 127, 127
L -3526.5496, 6260.5918, 129.4234,  -3530.2043, 6257.0576, 129.3972,  0, 127, 127
L -3532.0415, 6265.6626, 129.4259,  -3526.5496, 6260.5918, 129.4234,  0, 127, 127
L -3553.7661, 6285.7153, 129.3919,  -3532.0415, 6265.6626, 129.4259,  0, 127, 127
L -3575.6436, 6305.2246, 129.3994,  -3553.7661, 6285.7153, 129.3919,  0, 127, 127
L -3576.8804, 6306.3340, 129.4239,  -3575.6436, 6305.2246, 129.3994,  0, 127, 127
L -3584.8308, 6304.6572, 129.3991,  -3576.8804, 6306.3340, 129.4239,  0, 127, 127
L -3613.4990, 6297.1777, 129.3991,  -3584.8308, 6304.6572, 129.3991,  0, 127, 127
L -3663.1584, 6284.0508, 129.3970,  -3613.4990, 6297.1777, 129.3991,  0, 127, 127
L -3665.0693, 6283.5439, 129.3957,  -3663.1584, 6284.0508, 129.3970,  0, 127, 127
L -3666.1731, 6282.0981, 129.3899,  -3665.0693, 6283.5439, 129.3957,  0, 127, 127
L -3665.7104, 6279.8994, 129.3903,  -3666.1731, 6282.0981, 129.3899,  0, 127, 127
L -3665.3782, 6278.3213, 129.3905,  -3665.7104, 6279.8994, 129.3903,  0, 127, 127
L -3664.9382, 6276.2349, 129.3915,  -3665.3782, 6278.3213, 129.3905,  0, 127, 127
L -3664.5981, 6274.6206, 129.3905,  -3664.9382, 6276.2349, 129.3915,  0, 127, 127
L -3664.1665, 6272.5737, 129.3905,  -3664.5981, 6274.6206, 129.3905,  0, 127, 127
L -3663.8267, 6270.9590, 129.3895,  -3664.1665, 6272.5737, 129.3905,  0, 127, 127
L -3663.4026, 6268.9517, 129.3926,  -3663.8267, 6270.9590, 129.3895,  0, 127, 127
L -3663.0552, 6267.2969, 129.3894,  -3663.4026, 6268.9517, 129.3926,  0, 127, 127
L -3662.6230, 6265.2495, 129.3905,  -3663.0552, 6267.2969, 129.3894,  0, 127, 127
L -3662.2996, 6263.7144, 129.3905,  -3662.6230, 6265.2495, 129.3905,  0, 127, 127
L -3661.8684, 6261.6675, 129.3905,  -3662.2996, 6263.7144, 129.3905,  0, 127, 127
L -3661.5444, 6260.1323, 129.3916,  -3661.8684, 6261.6675, 129.3905,  0, 127, 127
L -3661.0964, 6258.0059, 129.3916,  -3661.5444, 6260.1323, 129.3916,  0, 127, 127
L -3660.7649, 6256.4307, 129.3905,  -3661.0964, 6258.0059, 129.3916,  0, 127, 127
L -3660.3340, 6254.3833, 129.3894,  -3660.7649, 6256.4307, 129.3905,  0, 127, 127
L -3660.0098, 6252.8477, 129.3905,  -3660.3340, 6254.3833, 129.3894,  0, 127, 127
L -3659.5786, 6250.8008, 129.3905,  -3660.0098, 6252.8477, 129.3905,  0, 127, 127
L -3659.2637, 6249.3052, 129.3895,  -3659.5786, 6250.8008, 129.3905,  0, 127, 127
L -3658.8403, 6247.2979, 129.3905,  -3659.2637, 6249.3052, 129.3895,  0, 127, 127
L -3658.5083, 6245.7231, 129.3916,  -3658.8403, 6247.2979, 129.3905,  0, 127, 127
L -3657.9700, 6244.1919, 129.3908,  -3658.5083, 6245.7231, 129.3916,  0, 127, 127
L -3657.8254, 6242.4614, 129.3997,  -3657.9700, 6244.1919, 129.3908,  0, 127, 127
L -3657.3977, 6240.3770, 129.3997,  -3657.8254, 6242.4614, 129.3997,  0, 127, 127
L -3657.0901, 6238.8828, 129.3997,  -3657.3977, 6240.3770, 129.3997,  0, 127, 127
L -3656.6621, 6236.7983, 129.3997,  -3657.0901, 6238.8828, 129.3997,  0, 127, 127
L -3656.3391, 6235.2251, 129.3979,  -3656.6621, 6236.7983, 129.3997,  0, 127, 127
L -3655.9353, 6233.2593, 129.3997,  -3656.3391, 6235.2251, 129.3979,  0, 127, 127
L -3655.6201, 6231.7256, 129.3997,  -3655.9353, 6233.2593, 129.3997,  0, 127, 127
L -3655.1836, 6229.6016, 129.3997,  -3655.6201, 6231.7256, 129.3997,  0, 127, 127
L -3654.8689, 6228.0679, 129.3979,  -3655.1836, 6229.6016, 129.3997,  0, 127, 127
L -3654.4568, 6226.0625, 129.3996,  -3654.8689, 6228.0679, 129.3979,  0, 127, 127
L -3654.1333, 6224.4893, 129.3997,  -3654.4568, 6226.0625, 129.3996,  0, 127, 127
L -3653.7053, 6222.4048, 129.3997,  -3654.1333, 6224.4893, 129.3997,  0, 127, 127
L -3653.3821, 6220.8315, 129.4014,  -3653.7053, 6222.4048, 129.3997,  0, 127, 127
L -3652.9619, 6218.7866, 129.3997,  -3653.3821, 6220.8315, 129.4014,  0, 127, 127
L -3652.6389, 6217.2144, 129.3979,  -3652.9619, 6218.7866, 129.3997,  0, 127, 127
L -3652.2275, 6215.2124, 129.3996,  -3652.6389, 6217.2144, 129.3979,  0, 127, 127
L -3651.9070, 6213.6499, 129.3991,  -3652.2275, 6215.2124, 129.3996,  0, 127, 127
L -3651.4956, 6211.6465, 129.3986,  -3651.9070, 6213.6499, 129.3991,  0, 127, 127
L -3651.1255, 6209.8354, 129.3777,  -3651.4956, 6211.6465, 129.3986,  0, 127, 127
L -3636.7585, 6209.7632, 129.3906,  -3651.1255, 6209.8354, 129.3777,  0, 127, 127
L -3606.8279, 6210.0029, 129.3807,  -3636.7585, 6209.7632, 129.3906,  0, 127, 127
L -3605.1211, 6210.0195, 129.3776,  -3606.8279, 6210.0029, 129.3807,  0, 127, 127
L -3603.4436, 6209.4106, 129.3963,  -3605.1211, 6210.0195, 129.3776,  0, 127, 127
L -3594.9800, 6193.9141, 129.3886,  -3603.4436, 6209.4106, 129.3963,  0, 127, 127
L -3590.2285, 6185.2051, 129.3973,  -3594.9800, 6193.9141, 129.3886,  0, 127, 127
L -3583.9966, 6173.5977, 129.3952,  -3590.2285, 6185.2051, 129.3973,  0, 127, 127
L -3583.2576, 6172.2202, 129.3930,  -3583.9966, 6173.5977, 129.3952,  0, 127, 127
L -3582.8357, 6170.5337, 130.3358,  -3583.2576, 6172.2202, 129.3930,  0, 127, 127
L -3580.9702, 6165.8667, 131.8744,  -3582.8357, 6170.5337, 130.3358,  0, 127, 127
L -3580.4236, 6164.4810, 129.3770,  -3580.9702, 6165.8667, 131.8744,  0, 127, 127
L -3606.6184, 6153.1323, 129.4052,  -3580.4236, 6164.4810, 129.3770,  0, 127, 127
L -3633.7109, 6141.5278, 129.3874,  -3606.6184, 6153.1323, 129.4052,  0, 127, 127
L -3635.3894, 6140.8135, 129.4059,  -3633.7109, 6141.5278, 129.3874,  0, 127, 127
L -3638.2207, 6132.2979, 129.4061,  -3635.3894, 6140.8135, 129.4059,  0, 127, 127
L -3641.3755, 6122.8276, 129.4063,  -3638.2207, 6132.2979, 129.4061,  0, 127, 127
L -3647.1655, 6105.3555, 129.4027,  -3641.3755, 6122.8276, 129.4063,  0, 127, 127
L -3650.2820, 6095.9219, 129.3869,  -3647.1655, 6105.3555, 129.4027,  0, 127, 127
L -3650.8696, 6094.1509, 129.3965,  -3650.2820, 6095.9219, 129.3869,  0, 127, 127
L -3640.8882, 6077.0278, 129.3965,  -3650.8696, 6094.1509, 129.3965,  0, 127, 127
L -3634.7417, 6066.4966, 129.3940,  -3640.8882, 6077.0278, 129.3965,  0, 127, 127
L -3624.6294, 6049.2715, 129.3926,  -3634.7417, 6066.4966, 129.3940,  0, 127, 127
L -3623.6841, 6047.6548, 129.3841,  -3624.6294, 6049.2715, 129.3926,  0, 127, 127
L -3555.1821, 6020.2480, 129.3857,  -3623.6841, 6047.6548, 129.3841,  0, 127, 127
L -3546.3162, 6016.6978, 129.3827,  -3555.1821, 6020.2480, 129.3857,  0, 127, 127
L -3544.8340, 6016.1484, 129.3870,  -3546.3162, 6016.6978, 129.3827,  0, 127, 127
L -3543.8647, 6014.4810, 129.3885,  -3544.8340, 6016.1484, 129.3870,  0, 127, 127
L -3543.3860, 6008.7534, 129.3843,  -3543.8647, 6014.4810, 129.3885,  0, 127, 127
L -3543.2344, 6006.9351, 129.3831,  -3543.3860, 6008.7534, 129.3843,  0, 127, 127
L -3542.7498, 6001.1348, 129.3827,  -3543.2344, 6006.9351, 129.3831,  0, 127, 127
L -3542.6035, 5999.3896, 129.3832,  -3542.7498, 6001.1348, 129.3827,  0, 127, 127
L -3542.1404, 5993.8477, 129.3832,  -3542.6035, 5999.3896, 129.3832,  0, 127, 127
L -3541.9949, 5992.1025, 129.3832,  -3542.1404, 5993.8477, 129.3832,  0, 127, 127
L -3541.5342, 5986.2603, 129.3897,  -3541.9949, 5992.1025, 129.3832,  0, 127, 127
L -3541.4092, 5984.5176, 129.3887,  -3541.5342, 5986.2603, 129.3897,  0, 127, 127
L -3540.9482, 5978.1128, 129.3896,  -3541.4092, 5984.5176, 129.3887,  0, 127, 127
L -3540.8230, 5976.3711, 129.3897,  -3540.9482, 5978.1128, 129.3896,  0, 127, 127
L -3540.3296, 5969.5044, 129.3932,  -3540.8230, 5976.3711, 129.3897,  0, 127, 127
L -3539.9216, 5968.0405, 129.3769,  -3540.3296, 5969.5044, 129.3932,  0, 127, 127
L -3540.9539, 5966.3823, 129.4162,  -3539.9216, 5968.0405, 129.3769,  0, 127, 127
L -3584.7285, 5948.1421, 129.3939,  -3540.9539, 5966.3823, 129.4162,  0, 127, 127
L -3586.2302, 5947.5171, 129.3921,  -3584.7285, 5948.1421, 129.3939,  0, 127, 127
L -3587.5278, 5946.7354, 129.3769,  -3586.2302, 5947.5171, 129.3921,  0, 127, 127
L -3589.4604, 5946.9731, 129.4196,  -3587.5278, 5946.7354, 129.3769,  0, 127, 127
L -3593.2815, 5952.6152, 129.4107,  -3589.4604, 5946.9731, 129.4196,  0, 127, 127
L -3604.2644, 5968.9697, 129.4260,  -3593.2815, 5952.6152, 129.4107,  0, 127, 127
L -3605.2998, 5970.5039, 129.3952,  -3604.2644, 5968.9697, 129.4260,  0, 127, 127
L -3641.4194, 5979.0112, 129.4052,  -3605.2998, 5970.5039, 129.3952,  0, 127, 127
L -3670.2661, 5985.8081, 129.4239,  -3641.4194, 5979.0112, 129.4052,  0, 127, 127
L -3672.0325, 5986.2261, 129.3959,  -3670.2661, 5985.8081, 129.4239,  0, 127, 127
L -3675.5325, 5985.4761, 129.3961,  -3672.0325, 5986.2261, 129.3959,  0, 127, 127
L -3695.0078, 5981.3003, 129.3947,  -3675.5325, 5985.4761, 129.3961,  0, 127, 127
L -3723.9414, 5974.8081, 129.3830,  -3695.0078, 5981.3003, 129.3947,  0, 127, 127
L -3725.3674, 5974.4854, 129.3811,  -3723.9414, 5974.8081, 129.3830,  0, 127, 127
L -3725.5623, 5971.1157, 129.3917,  -3725.3674, 5974.4854, 129.3811,  0, 127, 127
L -3725.3652, 5969.4053, 129.3925,  -3725.5623, 5971.1157, 129.3917,  0, 127, 127
L -3724.9199, 5965.5249, 129.3922,  -3725.3652, 5969.4053, 129.3925,  0, 127, 127
L -3724.7354, 5963.9204, 129.3935,  -3724.9199, 5965.5249, 129.3922,  0, 127, 127
L -3724.3000, 5960.1353, 129.3948,  -3724.7354, 5963.9204, 129.3935,  0, 127, 127
L -3724.1067, 5958.4478, 129.3922,  -3724.3000, 5960.1353, 129.3948,  0, 127, 127
L -3723.6667, 5954.6211, 129.3922,  -3724.1067, 5958.4478, 129.3922,  0, 127, 127
L -3723.4814, 5953.0171, 129.3943,  -3723.6667, 5954.6211, 129.3922,  0, 127, 127
L -3722.9832, 5948.6968, 129.3931,  -3723.4814, 5953.0171, 129.3943,  0, 127, 127
L -3722.7927, 5947.0513, 129.3956,  -3722.9832, 5948.6968, 129.3931,  0, 127, 127
L -3722.3372, 5943.1001, 129.3930,  -3722.7927, 5947.0513, 129.3956,  0, 127, 127
L -3722.1519, 5941.4961, 129.3943,  -3722.3372, 5943.1001, 129.3930,  0, 127, 127
L -3721.6531, 5937.1758, 129.3930,  -3722.1519, 5941.4961, 129.3943,  0, 127, 127
L -3721.4675, 5935.5703, 129.3942,  -3721.6531, 5937.1758, 129.3930,  0, 127, 127
L -3721.0156, 5931.6460, 129.3918,  -3721.4675, 5935.5703, 129.3942,  0, 127, 127
L -3720.8237, 5929.9795, 129.3926,  -3721.0156, 5931.6460, 129.3918,  0, 127, 127
L -3720.3716, 5926.0571, 129.3926,  -3720.8237, 5929.9795, 129.3926,  0, 127, 127
L -3720.1746, 5924.3457, 129.3915,  -3720.3716, 5926.0571, 129.3926,  0, 127, 127
L -3719.7327, 5920.5088, 129.3915,  -3720.1746, 5924.3457, 129.3915,  0, 127, 127
L -3719.5435, 5918.8813, 129.3835,  -3719.7327, 5920.5088, 129.3915,  0, 127, 127
L -3719.0740, 5914.9561, 129.3835,  -3719.5435, 5918.8813, 129.3835,  0, 127, 127
L -3718.8789, 5913.3271, 129.3840,  -3719.0740, 5914.9561, 129.3835,  0, 127, 127
L -3718.4080, 5909.3911, 129.3835,  -3718.8789, 5913.3271, 129.3840,  0, 127, 127
L -3718.2063, 5907.7046, 129.3831,  -3718.4080, 5909.3911, 129.3835,  0, 127, 127
L -3717.7183, 5903.6196, 129.3818,  -3718.2063, 5907.7046, 129.3831,  0, 127, 127
L -3717.5127, 5901.9048, 129.3822,  -3717.7183, 5903.6196, 129.3818,  0, 127, 127
L -3717.0303, 5897.8745, 129.3822,  -3717.5127, 5901.9048, 129.3822,  0, 127, 127
L -3716.8206, 5896.1162, 129.3819,  -3717.0303, 5897.8745, 129.3822,  0, 127, 127
L -3716.3438, 5892.1294, 129.3818,  -3716.8206, 5896.1162, 129.3819,  0, 127, 127
L -3716.1382, 5890.4146, 129.3823,  -3716.3438, 5892.1294, 129.3818,  0, 127, 127
L -3715.6621, 5886.4355, 129.3828,  -3716.1382, 5890.4146, 129.3823,  0, 127, 127
L -3715.4497, 5884.6567, 129.3839,  -3715.6621, 5886.4355, 129.3828,  0, 127, 127
L -3714.9868, 5880.7861, 129.3870,  -3715.4497, 5884.6567, 129.3839,  0, 127, 127
L -3714.7991, 5879.2139, 129.3886,  -3714.9868, 5880.7861, 129.3870,  0, 127, 127
L -3714.3289, 5875.2700, 129.3945,  -3714.7991, 5879.2139, 129.3886,  0, 127, 127
L -3714.0986, 5873.3311, 129.3956,  -3714.3289, 5875.2700, 129.3945,  0, 127, 127
L -3706.2864, 5869.2349, 129.3872,  -3714.0986, 5873.3311, 129.3956,  0, 127, 127
L -3679.7952, 5855.9946, 129.3918,  -3706.2864, 5869.2349, 129.3872,  0, 127, 127
L -3653.3391, 5842.6396, 129.4138,  -3679.7952, 5855.9946, 129.3918,  0, 127, 127
L -3651.8052, 5841.8638, 129.3904,  -3653.3391, 5842.6396, 129.4138,  0, 127, 127
L -3597.2021, 5851.5220, 129.3988,  -3651.8052, 5841.8638, 129.3904,  0, 127, 127
L -3587.5674, 5853.2314, 129.4034,  -3597.2021, 5851.5220, 129.3988,  0, 127, 127
L -3585.7490, 5853.6177, 129.4161,  -3587.5674, 5853.2314, 129.4034,  0, 127, 127
L -3585.2781, 5856.0239, 129.3856,  -3585.7490, 5853.6177, 129.4161,  0, 127, 127
L -3584.9771, 5857.8340, 129.3856,  -3585.2781, 5856.0239, 129.3856,  0, 127, 127
L -3584.5112, 5860.6348, 129.3857,  -3584.9771, 5857.8340, 129.3856,  0, 127, 127
L -3584.2319, 5862.3145, 129.3863,  -3584.5112, 5860.6348, 129.3857,  0, 127, 127
L -3583.7578, 5865.1577, 129.3857,  -3584.2319, 5862.3145, 129.3863,  0, 127, 127
L -3583.4712, 5866.8813, 129.3857,  -3583.7578, 5865.1577, 129.3857,  0, 127, 127
L -3582.9985, 5869.7251, 129.3870,  -3583.4712, 5866.8813, 129.3857,  0, 127, 127
L -3582.7031, 5871.4912, 129.3849,  -3582.9985, 5869.7251, 129.3870,  0, 127, 127
L -3582.2302, 5874.3345, 129.3850,  -3582.7031, 5871.4912, 129.3849,  0, 127, 127
L -3581.9507, 5876.0146, 129.3850,  -3582.2302, 5874.3345, 129.3850,  0, 127, 127
L -3581.4990, 5878.7280, 129.3875,  -3581.9507, 5876.0146, 129.3850,  0, 127, 127
L -3581.2048, 5880.4482, 129.3884,  -3581.4990, 5878.7280, 129.3875,  0, 127, 127
L -3580.7261, 5883.2437, 129.3884,  -3581.2048, 5880.4482, 129.3884,  0, 127, 127
L -3580.4470, 5884.8779, 129.3894,  -3580.7261, 5883.2437, 129.3884,  0, 127, 127
L -3580.0198, 5887.3721, 129.3893,  -3580.4470, 5884.8779, 129.3894,  0, 127, 127
L -3579.7112, 5889.1782, 129.3893,  -3580.0198, 5887.3721, 129.3893,  0, 127, 127
L -3579.2249, 5892.0161, 129.3883,  -3579.7112, 5889.1782, 129.3893,  0, 127, 127
L -3578.9304, 5893.7368, 129.3880,  -3579.2249, 5892.0161, 129.3883,  0, 127, 127
L -3578.4802, 5897.7822, 129.3770,  -3578.9304, 5893.7368, 129.3880,  0, 127, 127
L -3578.4934, 5899.5273, 129.4851,  -3578.4802, 5897.7822, 129.3770,  0, 127, 127
L -3577.2822, 5900.9458, 129.3769,  -3578.4934, 5899.5273, 129.4851,  0, 127, 127
L -3562.7737, 5908.2500, 129.3931,  -3577.2822, 5900.9458, 129.3769,  0, 127, 127
L -3536.3645, 5921.5327, 129.3904,  -3562.7737, 5908.2500, 129.3931,  0, 127, 127
L -3534.8362, 5922.2930, 129.3809,  -3536.3645, 5921.5327, 129.3904,  0, 127, 127
L -3532.5874, 5924.3228, 129.3770,  -3534.8362, 5922.2930, 129.3809,  0, 127, 127
L -3531.4675, 5925.3647, 129.3770,  -3532.5874, 5924.3228, 129.3770,  0, 127, 127
L -3529.6367, 5924.9722, 129.3770,  -3531.4675, 5925.3647, 129.3770,  0, 127, 127
L -3528.3379, 5923.9404, 129.4253,  -3529.6367, 5924.9722, 129.3770,  0, 127, 127
L -3527.6570, 5921.9014, 129.4196,  -3528.3379, 5923.9404, 129.4253,  0, 127, 127
L -3517.4338, 5891.2637, 129.3984,  -3527.6570, 5921.9014, 129.4196,  0, 127, 127
L -3514.3940, 5882.1523, 129.3977,  -3517.4338, 5891.2637, 129.3984,  0, 127, 127
L -3507.1055, 5860.4834, 129.3954,  -3514.3940, 5882.1523, 129.3977,  0, 127, 127
L -3503.9961, 5851.2524, 129.3922,  -3507.1055, 5860.4834, 129.3954,  0, 127, 127
L -3503.3635, 5849.3794, 129.3935,  -3503.9961, 5851.2524, 129.3922,  0, 127, 127
L -3502.6526, 5847.7876, 129.3770,  -3503.3635, 5849.3794, 129.3935,  0, 127, 127
L -3501.7959, 5846.1279, 129.3770,  -3502.6526, 5847.7876, 129.3770,  0, 127, 127
L -3501.1902, 5844.3584, 129.3770,  -3501.7959, 5846.1279, 129.3770,  0, 127, 127
L -3500.7947, 5842.6167, 129.3770,  -3501.1902, 5844.3584, 129.3770,  0, 127, 127
L -3500.4849, 5840.8120, 129.3962,  -3500.7947, 5842.6167, 129.3770,  0, 127, 127
L -3506.5559, 5816.5249, 129.3878,  -3500.4849, 5840.8120, 129.3962,  0, 127, 127
L -3506.9775, 5814.8354, 129.3886,  -3506.5559, 5816.5249, 129.3878,  0, 127, 127
L -3511.7417, 5796.2993, 129.3925,  -3506.9775, 5814.8354, 129.3886,  0, 127, 127
L -3512.1873, 5794.5703, 129.3915,  -3511.7417, 5796.2993, 129.3925,  0, 127, 127
L -3512.6101, 5792.8970, 129.4241,  -3512.1873, 5794.5703, 129.3915,  0, 127, 127
L -3516.5227, 5787.8745, 129.4373,  -3512.6101, 5792.8970, 129.4241,  0, 127, 127
L -3522.6138, 5780.0439, 129.4168,  -3516.5227, 5787.8745, 129.4373,  0, 127, 127
L -3539.2190, 5758.5024, 129.4116,  -3522.6138, 5780.0439, 129.4168,  0, 127, 127
L -3540.1382, 5757.3071, 129.3819,  -3539.2190, 5758.5024, 129.4116,  0, 127, 127
L -3540.5437, 5753.2891, 129.3830,  -3540.1382, 5757.3071, 129.3819,  0, 127, 127
L -3540.7312, 5751.4360, 129.3828,  -3540.5437, 5753.2891, 129.3830,  0, 127, 127
L -3541.1863, 5746.9346, 129.3821,  -3540.7312, 5751.4360, 129.3828,  0, 127, 127
L -3541.3628, 5745.1699, 129.3815,  -3541.1863, 5746.9346, 129.3821,  0, 127, 127
L -3541.8274, 5740.4023, 129.3815,  -3541.3628, 5745.1699, 129.3815,  0, 127, 127
L -3541.9993, 5738.6367, 129.3815,  -3541.8274, 5740.4023, 129.3815,  0, 127, 127
L -3542.4507, 5733.8677, 129.3796,  -3541.9993, 5738.6367, 129.3815,  0, 127, 127
L -3542.6106, 5732.1006, 129.3799,  -3542.4507, 5733.8677, 129.3796,  0, 127, 127
L -3543.0920, 5726.7993, 129.3799,  -3542.6106, 5732.1006, 129.3799,  0, 127, 127
L -3543.2551, 5724.9868, 129.3794,  -3543.0920, 5726.7993, 129.3799,  0, 127, 127
L -3543.7385, 5639.1519, 129.3770,  -3543.2551, 5724.9868, 129.3794,  0, 127, 127
L -3543.6631, 5637.3271, 129.3770,  -3543.7385, 5639.1519, 129.3770,  0, 127, 127
L -3542.2864, 5631.5576, 129.3770,  -3543.6631, 5637.3271, 129.3770,  0, 127, 127
L -3541.9067, 5629.9575, 129.3770,  -3542.2864, 5631.5576, 129.3770,  0, 127, 127
L -3542.6211, 5628.4243, 129.3770,  -3541.9067, 5629.9575, 129.3770,  0, 127, 127
L -3543.2073, 5626.5869, 129.3770,  -3542.6211, 5628.4243, 129.3770,  0, 127, 127
L -3543.6353, 5624.1206, 129.3769,  -3543.2073, 5626.5869, 129.3770,  0, 127, 127
L -3543.6382, 5622.2627, 129.3769,  -3543.6353, 5624.1206, 129.3769,  0, 127, 127
L -3542.7656, 5620.7578, 129.3770,  -3543.6382, 5622.2627, 129.3769,  0, 127, 127
L -3541.7954, 5619.3438, 129.3770,  -3542.7656, 5620.7578, 129.3770,  0, 127, 127
L -3541.4348, 5604.1069, 129.3770,  -3541.7954, 5619.3438, 129.3770,  0, 127, 127
L -3541.4487, 5602.1426, 129.5815,  -3541.4348, 5604.1069, 129.3770,  0, 127, 127
L -3543.0779, 5599.5752, 129.5191,  -3541.4487, 5602.1426, 129.5815,  0, 127, 127
L -3544.1213, 5597.9458, 129.4704,  -3543.0779, 5599.5752, 129.5191,  0, 127, 127
L -3544.8040, 5596.1655, 127.9012,  -3544.1213, 5597.9458, 129.4704,  0, 127, 127
L -3546.0728, 5594.6597, 127.8063,  -3544.8040, 5596.1655, 127.9012,  0, 127, 127
L -3547.5244, 5593.3164, 127.6481,  -3546.0728, 5594.6597, 127.8063,  0, 127, 127
L -3548.3508, 5590.8188, 127.5033,  -3547.5244, 5593.3164, 127.6481,  0, 127, 127
L -3522.0376, 5599.2661, 129.3770,  -3517.4805, 5594.1660, 127.7537,  0, 127, 127
L -3523.1765, 5600.4990, 129.3770,  -3522.0376, 5599.2661, 129.3770,  0, 127, 127
L -3524.1609, 5601.7061, 129.3770,  -3523.1765, 5600.4990, 129.3770,  0, 127, 127
L -3523.4514, 5603.5552, 129.3770,  -3524.1609, 5601.7061, 129.3770,  0, 127, 127
L -3524.2708, 5604.8608, 129.3770,  -3523.4514, 5603.5552, 129.3770,  0, 127, 127
L -3524.9282, 5606.5249, 129.3770,  -3524.2708, 5604.8608, 129.3770,  0, 127, 127
L -3525.5059, 5608.2183, 129.3983,  -3524.9282, 5606.5249, 129.3770,  0, 127, 127
L -3525.8833, 5614.5166, 129.3770,  -3525.5059, 5608.2183, 129.3983,  0, 127, 127
L -3525.8066, 5616.2954, 129.3871,  -3525.8833, 5614.5166, 129.3770,  0, 127, 127
L -3525.1184, 5618.3521, 129.3876,  -3525.8066, 5616.2954, 129.3871,  0, 127, 127
L -3524.5930, 5619.9214, 129.3868,  -3525.1184, 5618.3521, 129.3876,  0, 127, 127
L -3524.3013, 5621.7329, 129.3770,  -3524.5930, 5619.9214, 129.3868,  0, 127, 127
L -3523.4089, 5623.4224, 129.4000,  -3524.3013, 5621.7329, 129.3770,  0, 127, 127
L -3522.2227, 5625.4517, 129.4020,  -3523.4089, 5623.4224, 129.4000,  0, 127, 127
L -3521.4165, 5626.7969, 129.4011,  -3522.2227, 5625.4517, 129.4020,  0, 127, 127
L -3520.2993, 5628.3032, 129.4334,  -3521.4165, 5626.7969, 129.4011,  0, 127, 127
L -3519.2593, 5629.6895, 129.3770,  -3520.2993, 5628.3032, 129.4334,  0, 127, 127
L -3518.8159, 5641.5337, 129.3770,  -3519.2593, 5629.6895, 129.3770,  0, 127, 127
L -3519.1423, 5643.2822, 129.3770,  -3518.8159, 5641.5337, 129.3770,  0, 127, 127
L -3519.5789, 5645.6201, 129.3770,  -3519.1423, 5643.2822, 129.3770,  0, 127, 127
L -3519.8611, 5647.1333, 129.3770,  -3519.5789, 5645.6201, 129.3770,  0, 127, 127
L -3518.4819, 5648.5752, 129.3770,  -3519.8611, 5647.1333, 129.3770,  0, 127, 127
L -3519.9177, 5653.1089, 129.3770,  -3518.4819, 5648.5752, 129.3770,  0, 127, 127
L -3520.4626, 5654.8296, 129.3770,  -3519.9177, 5653.1089, 129.3770,  0, 127, 127
L -3520.3120, 5656.5088, 129.3770,  -3520.4626, 5654.8296, 129.3770,  0, 127, 127
L -3518.5737, 5656.9307, 129.3770,  -3520.3120, 5656.5088, 129.3770,  0, 127, 127
L -3518.1851, 5724.3584, 129.3843,  -3518.5737, 5656.9307, 129.3770,  0, 127, 127
L -3518.0417, 5726.0571, 129.4518,  -3518.1851, 5724.3584, 129.3843,  0, 127, 127
L -3507.6448, 5743.0967, 129.4234,  -3518.0417, 5726.0571, 129.4518,  0, 127, 127
L -3502.5164, 5751.4922, 129.4536,  -3507.6448, 5743.0967, 129.4234,  0, 127, 127
L -3497.6028, 5759.6489, 129.4048,  -3502.5164, 5751.4922, 129.4536,  0, 127, 127
L -3487.6157, 5776.3662, 129.4042,  -3497.6028, 5759.6489, 129.4048,  0, 127, 127
L -3486.7488, 5777.8105, 129.3943,  -3487.6157, 5776.3662, 129.4042,  0, 127, 127
L -3485.6082, 5781.0005, 129.3956,  -3486.7488, 5777.8105, 129.3943,  0, 127, 127
L -3478.9878, 5799.5127, 129.3943,  -3485.6082, 5781.0005, 129.3956,  0, 127, 127
L -3474.2556, 5812.7749, 129.3934,  -3478.9878, 5799.5127, 129.3943,  0, 127, 127
L -3467.6162, 5831.4468, 129.4183,  -3474.2556, 5812.7749, 129.3934,  0, 127, 127
L -3467.0522, 5833.0298, 129.3910,  -3467.6162, 5831.4468, 129.4183,  0, 127, 127
L -3471.0461, 5849.7837, 129.3939,  -3467.0522, 5833.0298, 129.3910,  0, 127, 127
L -3475.6584, 5869.1260, 129.3952,  -3471.0461, 5849.7837, 129.3939,  0, 127, 127
L -3481.3582, 5893.0762, 129.3949,  -3475.6584, 5869.1260, 129.3952,  0, 127, 127
L -3486.0947, 5913.0005, 129.3948,  -3481.3582, 5893.0762, 129.3949,  0, 127, 127
L -3486.4797, 5914.6187, 129.3962,  -3486.0947, 5913.0005, 129.3948,  0, 127, 127
L -3490.5952, 5932.4565, 129.3968,  -3486.4797, 5914.6187, 129.3962,  0, 127, 127
L -3492.7864, 5941.9761, 129.3983,  -3490.5952, 5932.4565, 129.3968,  0, 127, 127
L -3493.9788, 5947.2139, 129.4081,  -3492.7864, 5941.9761, 129.3983,  0, 127, 127
L -3494.3416, 5948.8188, 129.4070,  -3493.9788, 5947.2139, 129.4081,  0, 127, 127
L -3494.7122, 5950.4644, 129.4098,  -3494.3416, 5948.8188, 129.4070,  0, 127, 127
L -3495.1846, 5952.5508, 129.4070,  -3494.7122, 5950.4644, 129.4098,  0, 127, 127
L -3495.5557, 5954.1963, 129.4080,  -3495.1846, 5952.5508, 129.4070,  0, 127, 127
L -3496.0457, 5956.3633, 129.4070,  -3495.5557, 5954.1963, 129.4080,  0, 127, 127
L -3496.4082, 5957.9683, 129.4070,  -3496.0457, 5956.3633, 129.4070,  0, 127, 127
L -3496.8977, 5960.1353, 129.4070,  -3496.4082, 5957.9683, 129.4070,  0, 127, 127
L -3497.2507, 5961.7002, 129.4049,  -3496.8977, 5960.1353, 129.4070,  0, 127, 127
L -3497.7312, 5963.8267, 129.4071,  -3497.2507, 5961.7002, 129.4049,  0, 127, 127
L -3498.1025, 5965.4722, 129.3996,  -3497.7312, 5963.8267, 129.4071,  0, 127, 127
L -3498.4846, 5967.1816, 129.3933,  -3498.1025, 5965.4722, 129.3996,  0, 127, 127
L -3509.4165, 5991.7632, 129.3933,  -3498.4846, 5967.1816, 129.3933,  0, 127, 127
L -3513.4731, 6000.8848, 129.3935,  -3509.4165, 5991.7632, 129.3933,  0, 127, 127
L -3517.5107, 6009.9028, 129.3956,  -3513.4731, 6000.8848, 129.3935,  0, 127, 127
L -3529.6653, 6036.7471, 129.4120,  -3517.5107, 6009.9028, 129.3956,  0, 127, 127
L -3530.3831, 6038.3325, 129.3992,  -3529.6653, 6036.7471, 129.4120,  0, 127, 127
L -3538.2163, 6044.9658, 129.4046,  -3530.3831, 6038.3325, 129.3992,  0, 127, 127
L -3553.1035, 6057.5649, 129.4092,  -3538.2163, 6044.9658, 129.4046,  0, 127, 127
L -3575.9363, 6076.6694, 129.3965,  -3553.1035, 6057.5649, 129.4092,  0, 127, 127
L -3577.0754, 6077.6211, 129.3857,  -3575.9363, 6076.6694, 129.3965,  0, 127, 127
L -3578.7776, 6078.0024, 129.3770,  -3577.0754, 6077.6211, 129.3857,  0, 127, 127
L -3580.4819, 6078.2778, 129.3770,  -3578.7776, 6078.0024, 129.3770,  0, 127, 127
L -3580.7847, 6081.6646, 130.8569,  -3580.4819, 6078.2778, 129.3770,  0, 127, 127
L -3580.5615, 6083.2290, 129.3817,  -3580.7847, 6081.6646, 130.8569,  0, 127, 127
L -3578.2451, 6083.5435, 129.3962,  -3580.5615, 6083.2290, 129.3817,  0, 127, 127
L -3558.5447, 6085.3423, 129.3890,  -3578.2451, 6083.5435, 129.3962,  0, 127, 127
L -3538.6965, 6086.9834, 129.3856,  -3558.5447, 6085.3423, 129.3890,  0, 127, 127
L -3536.9512, 6087.1084, 129.4133,  -3538.6965, 6086.9834, 129.3856,  0, 127, 127
L -3515.0193, 6073.2920, 129.3974,  -3536.9512, 6087.1084, 129.4133,  0, 127, 127
L -3498.3381, 6062.7544, 129.3973,  -3515.0193, 6073.2920, 129.3974,  0, 127, 127
L -3470.5325, 6045.3442, 129.3857,  -3498.3381, 6062.7544, 129.3973,  0, 127, 127
L -3462.2930, 6040.1929, 129.3855,  -3470.5325, 6045.3442, 129.3857,  0, 127, 127
L -3461.0405, 6039.3511, 129.3943,  -3462.2930, 6040.1929, 129.3855,  0, 127, 127
L -3455.2234, 6029.6606, 129.3865,  -3461.0405, 6039.3511, 129.3943,  0, 127, 127
L -3454.3774, 6028.2539, 129.3979,  -3455.2234, 6029.6606, 129.3865,  0, 127, 127
L -3450.6526, 6021.9106, 129.3952,  -3454.3774, 6028.2539, 129.3979,  0, 127, 127
L -3449.7219, 6020.3232, 129.3888,  -3450.6526, 6021.9106, 129.3952,  0, 127, 127
L -3449.1145, 6018.6880, 129.4154,  -3449.7219, 6020.3232, 129.3888,  0, 127, 127
L -3449.4939, 6016.7944, 129.4273,  -3449.1145, 6018.6880, 129.4154,  0, 127, 127
L -3449.9597, 6014.4570, 129.4009,  -3449.4939, 6016.7944, 129.4273,  0, 127, 127
L -3450.3115, 6012.6958, 129.4250,  -3449.9597, 6014.4570, 129.4009,  0, 127, 127
L -3450.7732, 6010.3857, 129.4264,  -3450.3115, 6012.6958, 129.4250,  0, 127, 127
L -3451.1528, 6008.4795, 129.4182,  -3450.7732, 6010.3857, 129.4264,  0, 127, 127
L -3451.6143, 6006.1689, 129.4182,  -3451.1528, 6008.4795, 129.4182,  0, 127, 127
L -3452.0020, 6004.2344, 129.4263,  -3451.6143, 6006.1689, 129.4182,  0, 127, 127
L -3452.4629, 6001.9243, 129.4255,  -3452.0020, 6004.2344, 129.4263,  0, 127, 127
L -3452.8022, 6000.2192, 129.4152,  -3452.4629, 6001.9243, 129.4255,  0, 127, 127
L -3453.2578, 5997.9375, 129.4153,  -3452.8022, 6000.2192, 129.4152,  0, 127, 127
L -3453.6252, 5996.0493, 129.3996,  -3453.2578, 5997.9375, 129.4153,  0, 127, 127
L -3454.0620, 5993.7339, 129.3996,  -3453.6252, 5996.0493, 129.3996,  0, 127, 127
L -3454.3608, 5992.1509, 129.3963,  -3454.0620, 5993.7339, 129.3996,  0, 127, 127
L -3454.7922, 5989.8652, 129.3980,  -3454.3608, 5992.1509, 129.3963,  0, 127, 127
L -3455.1570, 5987.9312, 129.3996,  -3454.7922, 5989.8652, 129.3980,  0, 127, 127
L -3455.6033, 5985.5659, 129.3982,  -3455.1570, 5987.9312, 129.3996,  0, 127, 127
L -3455.9614, 5983.6694, 129.4008,  -3455.6033, 5985.5659, 129.3982,  0, 127, 127
L -3456.4136, 5981.2749, 129.4028,  -3455.9614, 5983.6694, 129.4008,  0, 127, 127
L -3456.7590, 5979.4604, 129.3877,  -3456.4136, 5981.2749, 129.4028,  0, 127, 127
L -3453.3894, 5973.2847, 129.3885,  -3456.7590, 5979.4604, 129.3877,  0, 127, 127
L -3448.6399, 5964.5781, 129.3880,  -3453.3894, 5973.2847, 129.3885,  0, 127, 127
L -3435.1738, 5939.7559, 129.3926,  -3448.6399, 5964.5781, 129.3880,  0, 127, 127
L -3434.4426, 5938.4043, 129.3915,  -3435.1738, 5939.7559, 129.3926,  0, 127, 127
L -3433.4309, 5936.7251, 129.3769,  -3434.4426, 5938.4043, 129.3915,  0, 127, 127
L -3407.7722, 5935.2158, 129.4023,  -3433.4309, 5936.7251, 129.3769,  0, 127, 127
L -3377.9756, 5933.5425, 129.4062,  -3407.7722, 5935.2158, 129.4023,  0, 127, 127
L -3368.3552, 5933.0146, 129.4078,  -3377.9756, 5933.5425, 129.4062,  0, 127, 127
L -3366.5542, 5933.2363, 129.3930,  -3368.3552, 5933.0146, 129.4078,  0, 127, 127
L -3349.0452, 5941.9800, 129.3929,  -3366.5542, 5933.2363, 129.3930,  0, 127, 127
L -3322.5791, 5955.0439, 129.3977,  -3349.0452, 5941.9800, 129.3929,  0, 127, 127
L -3320.8289, 5955.9072, 129.3881,  -3322.5791, 5955.0439, 129.3977,  0, 127, 127
L -3321.2942, 5957.7476, 129.3917,  -3320.8289, 5955.9072, 129.3881,  0, 127, 127
L -3328.5540, 5986.8105, 129.3939,  -3321.2942, 5957.7476, 129.3917,  0, 127, 127
L -3330.9270, 5996.3115, 129.3958,  -3328.5540, 5986.8105, 129.3939,  0, 127, 127
L -3331.3479, 5998.0186, 129.3921,  -3330.9270, 5996.3115, 129.3958,  0, 127, 127
L -3337.5540, 6022.6567, 129.3931,  -3331.3479, 5998.0186, 129.3921,  0, 127, 127
L -3339.8828, 6031.9028, 129.3884,  -3337.5540, 6022.6567, 129.3931,  0, 127, 127
L -3340.3359, 6033.7158, 129.3889,  -3339.8828, 6031.9028, 129.3884,  0, 127, 127
L -3379.7983, 6038.8530, 129.3887,  -3340.3359, 6033.7158, 129.3889,  0, 127, 127
L -3389.4424, 6040.1147, 129.3895,  -3379.7983, 6038.8530, 129.3887,  0, 127, 127
L -3419.2988, 6044.0762, 129.4001,  -3389.4424, 6040.1147, 129.3895,  0, 127, 127
L -3429.0793, 6045.3774, 129.3804,  -3419.2988, 6044.0762, 129.4001,  0, 127, 127
L -3430.8296, 6045.6558, 129.4244,  -3429.0793, 6045.3774, 129.3804,  0, 127, 127
L -3448.6548, 6066.9897, 129.4218,  -3430.8296, 6045.6558, 129.4244,  0, 127, 127
L -3449.8098, 6068.3789, 129.4327,  -3448.6548, 6066.9897, 129.4218,  0, 127, 127
L -3451.0203, 6069.6621, 129.3961,  -3449.8098, 6068.3789, 129.4327,  0, 127, 127
L -3477.9714, 6082.4941, 129.4017,  -3451.0203, 6069.6621, 129.3961,  0, 127, 127
L -3504.9563, 6095.3022, 129.3936,  -3477.9714, 6082.4941, 129.4017,  0, 127, 127
L -3531.7341, 6107.9287, 129.3770,  -3504.9563, 6095.3022, 129.3936,  0, 127, 127
L -3533.4705, 6108.7490, 129.3880,  -3531.7341, 6107.9287, 129.3770,  0, 127, 127
L -3584.9187, 6108.6753, 129.3857,  -3533.4705, 6108.7490, 129.3880,  0, 127, 127
L -3586.5076, 6108.6733, 129.3770,  -3584.9187, 6108.6753, 129.3857,  0, 127, 127
L -3588.4736, 6108.9072, 129.5314,  -3586.5076, 6108.6733, 129.3770,  0, 127, 127
L -3589.1582, 6110.5483, 129.3953,  -3588.4736, 6108.9072, 129.5314,  0, 127, 127
L -3583.5320, 6118.9897, 129.3936,  -3589.1582, 6110.5483, 129.3953,  0, 127, 127
L -3582.5625, 6120.4458, 129.3950,  -3583.5320, 6118.9897, 129.3936,  0, 127, 127
L -3581.5906, 6122.0059, 129.3770,  -3582.5625, 6120.4458, 129.3950,  0, 127, 127
L -3580.9272, 6123.6689, 129.4337,  -3581.5906, 6122.0059, 129.3770,  0, 127, 127
L -3579.6328, 6124.8721, 129.3865,  -3580.9272, 6123.6689, 129.4337,  0, 127, 127
L -3574.5657, 6132.8228, 129.3851,  -3579.6328, 6124.8721, 129.3865,  0, 127, 127
L -3573.6809, 6134.2622, 129.4000,  -3574.5657, 6132.8228, 129.3851,  0, 127, 127
L -3567.5134, 6136.3174, 129.3932,  -3573.6809, 6134.2622, 129.4000,  0, 127, 127
L -3538.8811, 6144.9971, 129.3886,  -3567.5134, 6136.3174, 129.3932,  0, 127, 127
L -3537.4233, 6145.4429, 129.3857,  -3538.8811, 6144.9971, 129.3886,  0, 127, 127
L -3536.0491, 6146.1938, 129.3770,  -3537.4233, 6145.4429, 129.3857,  0, 127, 127
L -3526.0947, 6146.6177, 129.3966,  -3536.0491, 6146.1938, 129.3770,  0, 127, 127
L -3496.2146, 6146.5435, 129.3836,  -3526.0947, 6146.6177, 129.3966,  0, 127, 127
L -3494.2385, 6146.5347, 129.4154,  -3496.2146, 6146.5435, 129.3836,  0, 127, 127
L -3486.5986, 6152.2188, 129.3925,  -3494.2385, 6146.5347, 129.4154,  0, 127, 127
L -3462.9895, 6170.6538, 129.4008,  -3486.5986, 6152.2188, 129.3925,  0, 127, 127
L -3461.7559, 6171.6206, 129.3999,  -3462.9895, 6170.6538, 129.4008,  0, 127, 127
L -3460.4263, 6172.9600, 129.4233,  -3461.7559, 6171.6206, 129.3999,  0, 127, 127
L -3458.6399, 6173.2075, 129.7487,  -3460.4263, 6172.9600, 129.4233,  0, 127, 127
L -3457.2520, 6173.7856, 129.3770,  -3458.6399, 6173.2075, 129.7487,  0, 127, 127
L -3442.4116, 6160.8037, 129.4034,  -3457.2520, 6173.7856, 129.3770,  0, 127, 127
L -3427.3503, 6147.4775, 129.4140,  -3442.4116, 6160.8037, 129.4034,  0, 127, 127
L -3426.0315, 6146.3008, 129.4221,  -3427.3503, 6147.4775, 129.4140,  0, 127, 127
L -3396.6563, 6142.8477, 129.4257,  -3426.0315, 6146.3008, 129.4221,  0, 127, 127
L -3365.0740, 6139.2583, 129.4104,  -3396.6563, 6142.8477, 129.4257,  0, 127, 127
L -3363.1858, 6139.0454, 129.4101,  -3365.0740, 6139.2583, 129.4104,  0, 127, 127
L -3361.3911, 6139.7651, 129.3770,  -3363.1858, 6139.0454, 129.4101,  0, 127, 127
L -3359.7854, 6139.6572, 129.3770,  -3361.3911, 6139.7651, 129.3770,  0, 127, 127
L -3358.6145, 6138.3667, 129.3770,  -3359.7854, 6139.6572, 129.3770,  0, 127, 127
L -3358.2578, 6119.7578, 129.3973,  -3358.6145, 6138.3667, 129.3770,  0, 127, 127
L -3358.3252, 6117.8418, 129.4270,  -3358.2578, 6119.7578, 129.3973,  0, 127, 127
L -3356.1267, 6110.6807, 129.4418,  -3358.3252, 6117.8418, 129.4270,  0, 127, 127
L -3350.2644, 6091.5991, 129.4397,  -3356.1267, 6110.6807, 129.4418,  0, 127, 127
L -3349.8152, 6090.1465, 129.4198,  -3350.2644, 6091.5991, 129.4397,  0, 127, 127
L -3349.2126, 6088.2861, 129.3925,  -3349.8152, 6090.1465, 129.4198,  0, 127, 127
L -3343.0781, 6069.5874, 129.3905,  -3349.2126, 6088.2861, 129.3925,  0, 127, 127
L -3342.5222, 6067.8887, 129.3858,  -3343.0781, 6069.5874, 129.3905,  0, 127, 127
L -3333.0710, 6066.8535, 129.3954,  -3342.5222, 6067.8887, 129.3858,  0, 127, 127
L -3313.1482, 6065.6133, 129.3954,  -3333.0710, 6066.8535, 129.3954,  0, 127, 127
L -3283.7188, 6063.5322, 129.4242,  -3313.1482, 6065.6133, 129.3954,  0, 127, 127
L -3281.7639, 6063.3926, 129.4076,  -3283.7188, 6063.5322, 129.4242,  0, 127, 127
L -3279.9688, 6063.8784, 129.3769,  -3281.7639, 6063.3926, 129.4076,  0, 127, 127
L -3244.6960, 6100.3599, 129.4055,  -3279.9688, 6063.8784, 129.3769,  0, 127, 127
L -3243.4333, 6101.6665, 129.4017,  -3244.6960, 6100.3599, 129.4055,  0, 127, 127
L -3243.2012, 6106.1035, 129.3944,  -3243.4333, 6101.6665, 129.4017,  0, 127, 127
L -3243.3867, 6107.8809, 129.3944,  -3243.2012, 6106.1035, 129.3944,  0, 127, 127
L -3243.8628, 6112.4507, 129.3944,  -3243.3867, 6107.8809, 129.3944,  0, 127, 127
L -3244.0483, 6114.2285, 129.3944,  -3243.8628, 6112.4507, 129.3944,  0, 127, 127
L -3244.5288, 6118.8403, 129.3936,  -3244.0483, 6114.2285, 129.3944,  0, 127, 127
L -3244.7036, 6120.5317, 129.3936,  -3244.5288, 6118.8403, 129.3936,  0, 127, 127
L -3245.1760, 6125.0986, 129.3936,  -3244.7036, 6120.5317, 129.3936,  0, 127, 127
L -3245.3516, 6126.7900, 129.3963,  -3245.1760, 6125.0986, 129.3936,  0, 127, 127
L -3245.8323, 6131.4429, 129.3949,  -3245.3516, 6126.7900, 129.3963,  0, 127, 127
L -3246.0110, 6133.1768, 129.3936,  -3245.8323, 6131.4429, 129.3949,  0, 127, 127
L -3246.4912, 6137.8291, 129.3936,  -3246.0110, 6133.1768, 129.3936,  0, 127, 127
L -3246.6702, 6139.5635, 129.3950,  -3246.4912, 6137.8291, 129.3936,  0, 127, 127
L -3247.1458, 6144.1729, 129.3950,  -3246.6702, 6139.5635, 129.3950,  0, 127, 127
L -3247.3245, 6145.9072, 129.3950,  -3247.1458, 6144.1729, 129.3950,  0, 127, 127
L -3247.8042, 6150.5596, 129.3936,  -3247.3245, 6145.9072, 129.3950,  0, 127, 127
L -3247.9790, 6152.2510, 129.3950,  -3247.8042, 6150.5596, 129.3936,  0, 127, 127
L -3248.4761, 6157.0718, 129.3936,  -3247.9790, 6152.2510, 129.3950,  0, 127, 127
L -3248.6553, 6158.8057, 129.3949,  -3248.4761, 6157.0718, 129.3936,  0, 127, 127
L -3249.1394, 6163.4995, 129.3949,  -3248.6553, 6158.8057, 129.3949,  0, 127, 127
L -3249.3188, 6165.2334, 129.3916,  -3249.1394, 6163.4995, 129.3949,  0, 127, 127
L -3249.8015, 6169.8447, 129.3916,  -3249.3188, 6165.2334, 129.3916,  0, 127, 127
L -3249.9878, 6171.6226, 129.3916,  -3249.8015, 6169.8447, 129.3916,  0, 127, 127
L -3250.4802, 6176.3203, 129.3916,  -3249.9878, 6171.6226, 129.3916,  0, 127, 127
L -3250.6797, 6178.2241, 129.3917,  -3250.4802, 6176.3203, 129.3916,  0, 127, 127
L -3251.1216, 6182.4419, 129.3927,  -3250.6797, 6178.2241, 129.3917,  0, 127, 127
L -3251.3101, 6184.2441, 129.3932,  -3251.1216, 6182.4419, 129.3927,  0, 127, 127
L -3251.8042, 6188.9639, 129.3933,  -3251.3101, 6184.2441, 129.3932,  0, 127, 127
L -3251.9924, 6190.7598, 129.3932,  -3251.8042, 6188.9639, 129.3933,  0, 127, 127
L -3252.4829, 6195.4380, 129.3945,  -3251.9924, 6190.7598, 129.3932,  0, 127, 127
L -3252.6763, 6197.2759, 129.3956,  -3252.4829, 6195.4380, 129.3945,  0, 127, 127
L -3253.1172, 6201.4946, 129.3933,  -3252.6763, 6197.2759, 129.3956,  0, 127, 127
L -3253.3010, 6203.2480, 129.3933,  -3253.1172, 6201.4946, 129.3933,  0, 127, 127
L -3253.7910, 6207.9238, 129.3932,  -3253.3010, 6203.2480, 129.3933,  0, 127, 127
L -3253.9783, 6209.7134, 129.3931,  -3253.7910, 6207.9238, 129.3932,  0, 127, 127
L -3254.4441, 6214.1763, 129.3870,  -3253.9783, 6209.7134, 129.3931,  0, 127, 127
L -3254.6399, 6216.0757, 129.3878,  -3254.4441, 6214.1763, 129.3870,  0, 127, 127
L -3270.2131, 6229.2041, 129.3916,  -3254.6399, 6216.0757, 129.3878,  0, 127, 127
L -3277.4358, 6235.2935, 129.3997,  -3270.2131, 6229.2041, 129.3916,  0, 127, 127
L -3288.3708, 6244.6143, 129.4019,  -3277.4358, 6235.2935, 129.3997,  0, 127, 127
L -3295.8723, 6251.0132, 129.3927,  -3288.3708, 6244.6143, 129.4019,  0, 127, 127
L -3314.7891, 6234.9932, 129.3938,  -3295.8723, 6251.0132, 129.3927,  0, 127, 127
L -3322.3369, 6228.6050, 129.3927,  -3314.7891, 6234.9932, 129.3938,  0, 127, 127
L -3344.8972, 6209.2661, 129.4048,  -3322.3369, 6228.6050, 129.3927,  0, 127, 127
L -3346.1992, 6208.1548, 129.3853,  -3344.8972, 6209.2661, 129.4048,  0, 127, 127
L -3351.9976, 6186.9019, 129.3900,  -3346.1992, 6208.1548, 129.3853,  0, 127, 127
L -3352.4460, 6185.2588, 129.3903,  -3351.9976, 6186.9019, 129.3900,  0, 127, 127
L -3356.3162, 6171.7427, 129.4083,  -3352.4460, 6185.2588, 129.3903,  0, 127, 127
L -3356.7615, 6170.1875, 129.4070,  -3356.3162, 6171.7427, 129.4083,  0, 127, 127
L -3357.1233, 6167.0039, 129.3770,  -3356.7615, 6170.1875, 129.4070,  0, 127, 127
L -3357.0217, 6165.4126, 129.3770,  -3357.1233, 6167.0039, 129.3770,  0, 127, 127
L -3358.8083, 6164.5439, 129.3796,  -3357.0217, 6165.4126, 129.3770,  0, 127, 127
L -3378.3604, 6165.7832, 129.3954,  -3358.8083, 6164.5439, 129.3796,  0, 127, 127
L -3408.1023, 6167.9585, 129.3880,  -3378.3604, 6165.7832, 129.3954,  0, 127, 127
L -3409.6965, 6168.0728, 129.3857,  -3408.1023, 6167.9585, 129.3880,  0, 127, 127
L -3411.2354, 6168.3677, 129.3927,  -3409.6965, 6168.0728, 129.3857,  0, 127, 127
L -3412.8662, 6169.9956, 129.3974,  -3411.2354, 6168.3677, 129.3927,  0, 127, 127
L -3426.7869, 6183.8984, 129.4070,  -3412.8662, 6169.9956, 129.3974,  0, 127, 127
L -3435.0247, 6192.3911, 129.4113,  -3426.7869, 6183.8984, 129.4070,  0, 127, 127
L -3436.1338, 6193.5332, 129.3883,  -3435.0247, 6192.3911, 129.4113,  0, 127, 127
L -3437.5146, 6194.2319, 129.3769,  -3436.1338, 6193.5332, 129.3883,  0, 127, 127
L -3438.2463, 6196.4468, 130.2848,  -3437.5146, 6194.2319, 129.3769,  0, 127, 127
L -3438.7446, 6197.9556, 129.3769,  -3438.2463, 6196.4468, 130.2848,  0, 127, 127
L -3423.1416, 6216.7231, 129.3941,  -3438.7446, 6197.9556, 129.3769,  0, 127, 127
L -3416.9067, 6224.2085, 129.3859,  -3423.1416, 6216.7231, 129.3941,  0, 127, 127
L -3401.1316, 6243.4390, 129.3863,  -3416.9067, 6224.2085, 129.3859,  0, 127, 127
L -3400.1123, 6244.6890, 129.4001,  -3401.1316, 6243.4390, 129.3863,  0, 127, 127
L -3412.4001, 6262.5488, 129.3929,  -3400.1123, 6244.6890, 129.4001,  0, 127, 127
L -3423.6494, 6278.9102, 129.3958,  -3412.4001, 6262.5488, 129.3929,  0, 127, 127
L -3439.6895, 6302.3647, 129.3958,  -3423.6494, 6278.9102, 129.3958,  0, 127, 127
L -3440.6882, 6303.8247, 129.3957,  -3439.6895, 6302.3647, 129.3958,  0, 127, 127
L -3441.7175, 6305.2480, 129.3770,  -3440.6882, 6303.8247, 129.3957,  0, 127, 127
L -3443.0183, 6306.3706, 129.4957,  -3441.7175, 6305.2480, 129.3770,  0, 127, 127
L -3443.0386, 6308.0913, 129.3886,  -3443.0183, 6306.3706, 129.4957,  0, 127, 127
L -3434.1580, 6325.9229, 129.4058,  -3443.0386, 6308.0913, 129.3886,  0, 127, 127
L -3429.7852, 6334.6738, 129.4058,  -3434.1580, 6325.9229, 129.4058,  0, 127, 127
L -3425.3687, 6343.5615, 129.3769,  -3429.7852, 6334.6738, 129.4058,  0, 127, 127
L -3424.3887, 6345.5229, 129.3770,  -3425.3687, 6343.5615, 129.3769,  0, 127, 127
L -3423.6357, 6347.0210, 129.4018,  -3424.3887, 6345.5229, 129.3770,  0, 127, 127
L -3422.3672, 6347.9419, 129.3769,  -3423.6357, 6347.0210, 129.4018,  0, 127, 127
L -3414.6267, 6343.4854, 129.3799,  -3422.3672, 6347.9419, 129.3769,  0, 127, 127
L -3398.9170, 6333.8154, 129.4062,  -3414.6267, 6343.4854, 129.3799,  0, 127, 127
L -3373.4692, 6318.3799, 129.3972,  -3398.9170, 6333.8154, 129.4062,  0, 127, 127
L -3372.1782, 6317.6006, 129.3989,  -3373.4692, 6318.3799, 129.3972,  0, 127, 127
L -3370.3899, 6316.7104, 129.3770,  -3372.1782, 6317.6006, 129.3989,  0, 127, 127
L -3349.3596, 6316.6333, 129.3945,  -3370.3899, 6316.7104, 129.3770,  0, 127, 127
L -3329.5852, 6316.6338, 129.3862,  -3349.3596, 6316.6333, 129.3945,  0, 127, 127
L -3299.9075, 6316.8569, 129.3853,  -3329.5852, 6316.6338, 129.3862,  0, 127, 127
L -3298.3262, 6316.8643, 129.4405,  -3299.9075, 6316.8569, 129.3853,  0, 127, 127
L -3297.6555, 6318.6050, 129.4246,  -3298.3262, 6316.8643, 129.4405,  0, 127, 127
L -3298.0183, 6320.2612, 129.4195,  -3297.6555, 6318.6050, 129.4246,  0, 127, 127
L -3313.5503, 6390.9819, 129.3965,  -3298.0183, 6320.2612, 129.4195,  0, 127, 127
L -3315.5754, 6400.2065, 129.3987,  -3313.5503, 6390.9819, 129.3965,  0, 127, 127
L -3323.5564, 6436.6387, 129.4093,  -3315.5754, 6400.2065, 129.3987,  0, 127, 127
L -3329.9441, 6465.8008, 129.3993,  -3323.5564, 6436.6387, 129.4093,  0, 127, 127
L -3330.3208, 6467.5195, 129.4012,  -3329.9441, 6465.8008, 129.3993,  0, 127, 127
L -3330.6938, 6469.2310, 129.4150,  -3330.3208, 6467.5195, 129.4012,  0, 127, 127
L -3331.1738, 6471.4199, 129.4028,  -3330.6938, 6469.2310, 129.4150,  0, 127, 127
L -3331.5457, 6473.1528, 129.4638,  -3331.1738, 6471.4199, 129.4028,  0, 127, 127
L -3332.0081, 6475.2476, 129.4243,  -3331.5457, 6473.1528, 129.4638,  0, 127, 127
L -3332.4136, 6477.0972, 129.3880,  -3332.0081, 6475.2476, 129.4243,  0, 127, 127
L -3374.1653, 6489.0151, 129.3875,  -3332.4136, 6477.0972, 129.3880,  0, 127, 127
L -3402.8567, 6497.2095, 129.3875,  -3374.1653, 6489.0151, 129.3875,  0, 127, 127
L -3404.7595, 6497.7563, 129.3818,  -3402.8567, 6497.2095, 129.3875,  0, 127, 127
L -3406.7048, 6497.9805, 129.3770,  -3404.7595, 6497.7563, 129.3818,  0, 127, 127
L -3407.9128, 6498.7104, 129.3872,  -3406.7048, 6497.9805, 129.3770,  0, 127, 127
L -3467.7625, 6515.7979, 129.4465,  -3407.9128, 6498.7104, 129.3872,  0, 127, 127
L -3469.4915, 6516.2915, 129.3965,  -3467.7625, 6515.7979, 129.4465,  0, 127, 127
L -3491.1299, 6498.4736, 129.3906,  -3469.4915, 6516.2915, 129.3965,  0, 127, 127
L -3506.1404, 6486.1162, 129.4038,  -3491.1299, 6498.4736, 129.3906,  0, 127, 127
L -3526.8635, 6469.2129, 129.4341,  -3506.1404, 6486.1162, 129.4038,  0, 127, 127
L -3534.4849, 6462.9907, 129.4138,  -3526.8635, 6469.2129, 129.4341,  0, 127, 127
L -3535.7776, 6461.9229, 129.3927,  -3534.4849, 6462.9907, 129.4138,  0, 127, 127
L -3511.6274, 6429.2510, 129.3950,  -3535.7776, 6461.9229, 129.3927,  0, 127, 127
L -3494.1091, 6405.5601, 129.6251,  -3511.6274, 6429.2510, 129.3950,  0, 127, 127
P 201.5289, 8266.0117, -956.9272,  0, 0, 0,  2,  Plane_of_Mischief
P 877.0342, 6420.0811, -600.5273,  0, 0, 0,  1,  young_shardwurm_place
P 896.6274, 4412.4370, -333.6496,  0, 0, 0,  1,  crystalline_room
P 1275.4535, 3774.8330, -218.9365,  0, 0, 0,  2,  Kardakor,_Shardtooth_spawn
P 977.8786, 4767.2158, -405.9365,  0, 0, 0,  1,  Shardtooth_spawn_sometime
