P 39.0127, 2.2414, 0.4851,  0, 0, 240,  3,  Guild_Banker
P 46.9178, -11.8616, 0.4853,  0, 0, 240,  3,  Guild_Banker
P -37.1440, 6.6397, 0.4848,  0, 0, 240,  3,  Banker
P -42.8919, -11.7718, 0.4848,  0, 0, 240,  3,  Banker
P -93.6215, -61.3733, -0.2467,  0, 127, 0,  3,  Loom
P -120.1315, -35.7493, -0.2467,  0, 127, 0,  3,  Brew_Barrel
P -96.2943, -14.2321, -0.2470,  0, 127, 0,  3,  Kiln
P -96.5225, 15.8915, -0.2460,  0, 127, 0,  3,  Pottery_Wheel
P -114.9601, 48.5605, -0.2458,  0, 127, 0,  3,  Forge
P -85.6472, 60.8571, -0.2467,  0, 127, 0,  3,  Oven
