P 1382.0483, -26.2258, -141.3808,  240, 240, 240,  2,  Retind_Oaln
P 1755.7056, 323.7339, 65.8918,  240, 240, 240,  2,  Trainer_Dysarth
P 1421.4910, -313.1577, 86.2562,  240, 240, 240,  2,  Varin_Deathclaw
P 1398.6510, 402.1033, 236.3869,  240, 240, 240,  2,  Foreman_Guppu
P 1546.3862, -104.5615, 264.2795,  240, 240, 240,  2,  Builder_Gorb
P 1228.5388, -177.6666, 389.3574,  240, 240, 240,  2,  Girplan_Arcitect
P 1451.9613, -782.0366, 413.3868,  240, 240, 240,  2,  Taskmaster_Yarln
P 22.1869, 234.1221, -14.5511,  127, 0, 0,  2,  Revolter_Yernom
P 30.9610, 246.1700, -14.5511,  127, 0, 0,  2,  Inventor_Krang
P 187.0627, -362.1299, -40.0951,  127, 0, 0,  2,  Loyal_Servant
P 317.6771, 400.4736, -36.6808,  127, 0, 0,  2,  Guardsman_Quilm
P 818.2404, 103.1908, -77.6728,  127, 0, 0,  2,  Toiler_Opian
P 669.9113, -420.9578, -64.0222,  127, 0, 0,  2,  Trainer_Cyrum
P 1019.5969, -358.0094, -95.7295,  127, 0, 0,  2,  Overseer_Rowgar
P -120.0000, 66.0000, 7.0000,  0, 0, 0,  3,  Dranik's_Scar
