P 499.0000, -467.0000, 11.0000,  0, 0, 0,  3,  golden_rooster
P -327.0000, -977.0000, -127.0000,  0, 0, 0,  2,  blocked
P 315.0000, 110.0000, -26.0000,  0, 240, 0,  3,  To_Highkeep
P 256.0000, 587.0000, -27.0000,  0, 0, 0,  3,  "The_Lumberyard"
P 407.0000, 628.0000, -17.0000,  0, 0, 0,  3,  greenbane's_weapons
P 364.0000, 626.0000, -17.0000,  0, 0, 0,  2,  forge
P -83.0000, 1206.0000, -66.0000,  0, 240, 0,  3,  To_Kithikor
P -491.0000, 61.0000, -23.0000,  0, 0, 0,  3,  tiger's_roar
P -574.0000, 108.0000, -18.0000,  0, 0, 0,  2,  brew_barrel
P -578.0000, 136.0000, -18.0000,  0, 0, 0,  1,  Oven
P -635.0000, -206.0000, 37.0000,  0, 0, 0,  2,  kiln_(pottery)
P -644.0000, -181.0000, 37.0000,  0, 0, 0,  2,  Top_of_the_world
P -598.0000, -200.0000, 38.0000,  0, 0, 0,  2,  pottery_wheel
P 27.0000, 490.0000, -40.0000,  0, 0, 0,  3,  forge_(smithing)
P -15.0000, 490.0000, -40.0000,  0, 0, 0,  3,  pottery_wheel
P 204.0000, -1049.0000, -195.0000,  0, 240, 0,  3,  To_Blightfire_Moors
P -93.0000, -1325.0000, -206.0000,  0, 240, 0,  3,  To_East_Karana
P -145.0000, 88.0000, 31.0000,  0, 0, 0,  2,  greth
