P -542.3314, 366.4747, 52.0698,  0, 0, 0,  2,  Safe_spots.._Top/Bottom
P 239.8659, 721.0156, -39.5486,  0, 0, 0,  2,  Squid_Missions
P 12.6286, 169.8621, -42.4708,  0, 0, 0,  3,  UnderShore_Zone
P -796.9549, 890.9551, 55.9924,  0, 0, 0,  2,  Ritesmaster_Verok_&_Co
P -396.4360, 2226.1826, -30.8702,  0, 0, 0,  2,  Clergyman_Gryfil_(named)
P -242.4452, 1847.7780, 63.5708,  0, 0, 0,  2,  Battlemaster_Rygosh_(named)
P 510.4256, 2243.9763, 109.6435,  0, 0, 0,  3,  Throne!
P -365.2867, 1596.4020, 63.7324,  0, 0, 0,  2,  Drill_Master_Zarthin
P -266.6560, 1718.4131, 64.5485,  0, 0, 0,  1,  camp..
P -367.0670, 2023.4729, 4.8044,  0, 0, 0,  1,  campable?
P -665.8627, 1552.6989, -98.6829,  0, 0, 0,  2,  an_aged_splorgath?
P 60.9719, 1447.0924, -40.6006,  0, 0, 0,  2,  A_Forgotten_Guardian
P -408.8491, 706.2042, 3.1728,  0, 0, 0,  1,  Named.?
P 1200.3007, 1187.3506, 113.6474,  0, 0, 0,  2,  Instanced_Zone_(uptop)
P 1327.7705, 741.0331, 63.2873,  0, 0, 0,  2,  Instanced_Zone
P 773.3912, 177.3940, 86.4639,  0, 0, 0,  2,  Larva_+_Named
P 1600.9003, 1176.7517, -23.9591,  0, 0, 0,  2,  GloomFang
P 1147.8491, 689.0089, -27.0813,  0, 0, 0,  2,  ??Lifedrainer??
P 617.2225, 1076.6860, 106.8561,  0, 0, 0,  2,  Hiveleader
P 492.2266, 985.1180, 106.4200,  0, 0, 240,  1,  Statue_of_the_Deep_Ray
P 676.4340, 185.9779, 85.4086,  0, 0, 240,  1,  Wallwatcher's_Citadel
P 8.8194, 1520.1093, -37.0126,  0, 0, 240,  1,  Gallowglass_Arena
P -406.4313, 426.5400, -146.9115,  0, 0, 240,  1,  Infested_Water_Caves
P -265.8430, 1898.1787, 63.4970,  0, 0, 240,  1,  Battlemaster's_Conclave
P 511.0106, 2243.8193, 109.4653,  0, 0, 240,  1,  Imperial_Audience_Chamber
P 1225.0822, 0.0000, -84.4980,  0, 0, 0,  3,  Map_by_Ibsen
P 507.9182, 2286.2759, 106.4167,  0, 0, 0,  3,  Secret_Door
P 508.7416, 2303.0156, 106.4167,  0, 0, 0,  3,  Zone_to
P 225.0822, 93.5464, -84.4980,  0, 0, 0,  3,  Zone_to_Undershore
P 1193.6902, 1191.3462, 106.9682,  0, 0, 0,  3,  Zone_to_Instance
P 1326.8778, 748.7516, 55.2721,  0, 0, 0,  3,  Zone_to_Instance
P -49.3770, 2021.1887, 63.4970,  0, 0, 0,  3,  Secret_Door
P -335.8867, 214.5850, -33.3360,  0, 0, 0,  3,  Possible_Zone
