P 156.1999, -1909.5177, -14.5284,  240, 240, 240,  2,  Undead_Tower
P -147.3167, -1891.4963, -21.7222,  240, 240, 240,  2,  Dven_Tulvnek
P 250.8497, 92.1029, -27.3244,  240, 240, 240,  2,  Ground_Spawn_(Vial_of_Swamp_Water)
P 20.7998, 735.6219, -28.1404,  240, 240, 240,  2,  Knowledge_Portal
P -227.8751, 1754.2705, -23.4547,  240, 240, 240,  2,  Kobolds
P -984.7350, 1996.4150, -4.5149,  240, 240, 240,  2,  Fallen_Troll_&_Froglok
P -1442.4773, 1542.7324, -14.2006,  240, 240, 240,  2,  Kolbolds
P -1141.9037, 1689.0372, -27.9594,  240, 240, 240,  2,  Deblik_Grumblok
P -794.7216, 1609.4731, -24.9297,  240, 240, 240,  2,  Kor_Trainer_Galdok_(Cleric)
P -928.7546, 1329.8799, -25.7047,  240, 240, 240,  2,  Yun_Trainer_Kintok_(Shaman)
P -539.0000, -1176.0000, 0.0000,  255, 255, 255,  2,  Hand
P -881.0000, 1072.0000, 0.0000,  255, 255, 255,  2,  Ruined_Ferry
P -1237.0000, 1237.0000, 0.0000,  255, 255, 255,  2,  Submerged_Hut
P -2100.0000, 1000.0000, 0.0000,  255, 255, 0,  2,  Feerott
P 700.0000, 2750.0000, 0.0000,  255, 255, 0,  2,  Grobb
P 588.0000, 2192.0000, 0.0000,  255, 255, 255,  2,  Succor_Point
P -990.9893, 446.4040, -0.9407,  240, 240, 240,  2,  Anlut_Heavenfall
P -995.1174, 446.5979, -1.9223,  240, 240, 240,  2,  Igok
P -541.4899, -1185.4016, 13.7680,  240, 240, 240,  2,  Sugal_the_Fist
