P -872.0000, -245.0000, -139.9365,  0, 0, 0,  3,  Graggaz_(Rüstungen)
P -848.0000, -254.0000, -139.9365,  0, 0, 0,  3,  Wevek_(Waffen)
P -828.0000, -238.0000, -139.9365,  0, 0, 0,  3,  Kevelak_(Händler)
P -1932.0000, 1740.0000, -159.9365,  0, 0, 0,  3,  Ymik_(Händler)
P -1953.0000, 1658.0000, -159.9365,  0, 0, 0,  3,  Bendad_(Händler)
P -1908.0000, 1679.0000, -159.9365,  0, 0, 0,  3,  Weyen_(Bankier)
P -1442.0000, 404.0000, -199.9052,  0, 0, 0,  3,  Pollos_(Bankier)
P -1394.0000, 403.0000, -199.9052,  0, 0, 0,  3,  Weyrevar_(Rüstungen)
P -1867.0000, -267.0000, -199.9052,  0, 0, 0,  3,  Kellek_(Händler)
P -1946.7825, -173.7143, -199.9052,  0, 0, 0,  3,  Svekk_(Händler)
P -3196.6245, 129.4611, -399.8427,  0, 0, 0,  3,  zum_Erwachenden_Land
P 658.1943, 13.1543, 119.9385,  0, 0, 0,  3,  zu_den_Östlichen_Öden
P -1012.7191, 187.3108, -159.9364,  0, 0, 0,  3,  arena
