P -1280.0353, 2003.7719, -351.9979,  0, 240, 240,  2,  Tublik_Narwethar
P 824.7540, -550.0000, -431.0000,  0, 0, 0,  3,  Beware_of_Ukuns
P -1078.3362, 2139.1672, -351.9980,  0, 240, 0,  2,  Beware_of_Ukun
P -1503.0000, -598.0000, -380.0000,  240, 240, 240,  3,  (Raid_Ikkinz_4)
P -1415.0000, -1675.0000, -380.0000,  240, 240, 240,  3,  (Raid_Ikkinz_3)
P -2526.0000, -598.0000, -380.0000,  240, 240, 240,  3,  (Raid_Ikkinz_2)
P -1555.0000, 500.0000, -380.0000,  240, 240, 240,  3,  (Raid_Ikkinz_1)
P -2496.0000, 2758.0000, -352.0000,  240, 240, 240,  3,  Yxxta_(Uqua/MR)
P -2675.0000, 634.0000, -407.0000,  240, 240, 240,  3,  Qvic
P -588.0000, 2753.0000, -352.0000,  240, 240, 240,  3,  Yxxta_(Primals)
P 900.0000, 1675.0000, -432.0000,  240, 240, 240,  3,  (Group_Ikkinz_2)
P 612.0000, 1975.0000, -432.0000,  0, 240, 240,  3,  Aroley_Nazuey
P 890.0000, 900.0000, -421.0000,  240, 240, 240,  3,  (Group_Ikkinz_3)
P 1159.0000, 430.0000, -421.0000,  0, 240, 240,  3,  Kenra_Kalekkio
P 1037.0000, -1031.0000, -418.0000,  0, 240, 240,  3,  Kevren_Nalavat
P -389.0000, 1249.0000, -435.0000,  0, 240, 240,  3,  Gazak_Klelkek
P 375.0000, 1240.0000, -435.0000,  240, 240, 240,  3,  (Group_Ikkinz_1)
P 1561.8644, -1547.9482, -303.9989,  240, 240, 240,  3,  Natimbi
P 1087.8748, -1231.7461, -431.9863,  0, 240, 0,  2,  Safe_path_to_Yxtta
P 1438.1921, -647.6285, -351.9979,  240, 127, 0,  2,  Temple_of_the_Damned
P -1200.3362, 1675.0000, -351.9979,  240, 127, 0,  2,  Martyr's_Passage
P -700.3362, -647.6285, -342.6912,  240, 127, 0,  2,  Summoner_Ring
P -2176.0000, -2175.0000, -303.9979,  240, 127, 0,  2,  Pit_of_the_Lost
P -540.3362, -115.0000, -303.9979,  240, 127, 0,  2,  Crumbled_Sanctuary
