P 25.0000, -182.0000, -76.0000,  255, 255, 255,  3,  Succor
P 1289.0000, -1910.0000, 158.0000,  0, 255, 0,  3,  Shadowmen
P -941.0000, -1313.0000, -76.0000,  255, 255, 255,  3,  Sol_A
P 673.0000, -2704.0000, -91.0000,  255, 255, 255,  3,  Lavaspinner's_Lair
P -111.0000, -3829.0000, 9.0000,  255, 255, 255,  3,  The_Broodlands
P -114.0000, -2294.0000, 12.0000,  255, 255, 255,  3,  Sol_B
P 22.0000, -120.0000, -51.0000,  255, 255, 255,  3,  Nektulos_Forrest
P -811.0000, -417.0000, -49.0000,  0, 255, 255,  3,  Gypsy_Camp
P -445.0000, -489.0000, -92.0000,  255, 255, 255,  3,  Druid_Ring
P 1753.0000, -543.0000, -100.0000,  255, 255, 255,  3,  Najena
P 1662.0000, -1334.0000, -108.0000,  255, 255, 255,  3,  Temple_of_Solusek_Ro
