P -2557.0000, 489.0000, -60.0000,  0, 240, 240,  2,  redmoon_massacre_site
P 69.0000, 678.0000, 176.0000,  0, 240, 240,  2,  windwillow
P -308.0000, -13.0000, 13.0000,  0, 240, 240,  2,  hissing_bend
P 948.0000, 546.0000, 25.0000,  0, 240, 240,  2,  potameid_nymps
P 802.0000, 1672.0000, 10.0000,  0, 0, 0,  2,  tuffein_camp
P 192.0599, 2001.5790, 14.1961,  0, 240, 0,  3,  To_Blightfire_Moors
P -59.0000, 541.0000, 178.0000,  0, 0, 0,  2,  Ramona
P 929.0000, 524.0000, 20.0000,  0, 0, 0,  2,  Ekaterina_(Quests)
P 832.0000, 112.0000, 16.0000,  0, 0, 0,  2,  craita
P 727.0000, -758.0000, 59.0000,  0, 0, 0,  2,  shade_of_corruption
P -1146.0000, -998.0000, 155.0000,  0, 0, 0,  2,  Bigone
P -1.0000, -1623.0000, 63.0000,  0, 0, 0,  3,  Ionela
P -1135.0000, 580.0000, 85.0000,  0, 0, 0,  3,  Ciodaru_(tasks)
P -1165.0000, 959.0000, 83.0000,  0, 0, 0,  3,  Peretaenu_(tasks)
P -1132.0000, 892.0000, 87.0000,  0, 0, 0,  3,  Tudor_(tasks)
P -1056.0000, 866.0000, 87.0000,  0, 0, 0,  3,  brew_barrel
P -1113.0000, 896.0000, 87.0000,  0, 0, 0,  3,  Liviu_(Brewing)
P -1042.0000, 755.0000, 83.0000,  0, 0, 0,  2,  Liviu_(Brewing)
P -990.0000, 721.0000, 83.0000,  0, 0, 0,  3,  Elder_Vasile_(tasks)
P -1002.0000, 757.0000, 83.0000,  0, 0, 0,  3,  Laurentiu_(tasks)
P -951.0000, -1749.0000, 244.0000,  0, 0, 0,  3,  To_The_Steppes
P -3505.0000, -1254.0000, 250.0000,  0, 240, 0,  3,  To_Blackfeather_Roost
P -793.0000, -1327.0000, 149.0000,  0, 0, 0,  2,  Dromrek_Giants
P 48.0000, -1461.0000, 59.0000,  0, 0, 0,  3,  potameid_fairies
P 844.0000, -728.0000, 59.0000,  0, 0, 0,  3,  centaur_village
P 1002.0000, -591.0000, 59.0000,  0, 0, 0,  2,  Kasen_(empty_merchant)
P 1180.0000, -1687.0000, 70.0000,  0, 0, 0,  3,  To_Sunderock_Springs
P -2108.0000, -1168.0000, 51.0000,  0, 0, 0,  2,  griffons_/_harpies
P -2760.0000, 944.0000, 6.0000,  0, 0, 0,  2,  Ternsmochin
P -557.0000, 967.0000, 29.0000,  0, 0, 0,  2,  Blacktalon
P -2891.0000, -1734.0000, 95.0000,  0, 0, 0,  2,  Shrynn_(tasks)
P -1296.0000, -77.0000, 37.0000,  0, 0, 0,  2,  giants_cave
P -333.0000, 382.0000, 41.0000,  0, 0, 0,  2,  fantoma_(named_wolf)
P -1224.0000, 330.0000, 231.0000,  0, 0, 0,  2,  spider_cliffs
P 550.0000, -251.0000, 20.0000,  0, 0, 0,  2,  Klassr_(quests)
P -1465.0000, 559.0000, 84.0000,  0, 0, 0,  2,  ooze_cave
P -1375.0000, 1738.0000, 26.0000,  0, 0, 0,  2,  bear_caves
P -1034.0000, 1267.0000, 19.0000,  0, 0, 0,  2,  spider_cave
P -518.0000, 1946.0000, 20.0000,  0, 0, 0,  2,  pioneer_vulu_
P 167.0000, 919.0000, 175.0000,  0, 0, 0,  2,  Florenta
P 130.0000, 844.0000, 178.0000,  0, 0, 0,  2,  Marilena
P 72.0000, 742.0000, 178.0000,  0, 0, 0,  2,  Refugiu
P 105.0000, 469.0000, 178.0000,  0, 0, 0,  2,  Dorinia_(tasks)
P 73.0000, 387.0000, 178.0000,  0, 0, 0,  2,  Kathryn
P -979.0000, 758.0000, 83.0000,  0, 0, 0,  3,  Sorin_(tasks)
P -2170.0000, 667.0000, 26.0000,  0, 0, 0,  2,  Togswell_Mophintok
P 696.0000, -734.0000, 59.0000,  0, 0, 0,  3,  Icen_Temitor_(Tasks)
P -1240.0000, -149.0000, 36.0000,  0, 240, 240,  2,  dromrek_jaunt
P -3341.0000, -1260.0000, 80.0000,  0, 240, 240,  2,  path_to_harpies
