P 146.8909, 41.2324, 0.0010,  0, 0, 0,  2,  Hidden_Pit_floor
P -856.0000, 15.0000, 0.0010,  0, 0, 0,  2,  Zone_to_Lavastorm
P 77.9620, -184.6748, -13.9990,  0, 0, 0,  1,  3_spawn_Goblins
P -32.6444, -431.2631, 1.4466,  0, 0, 0,  3,  5spawn_goblins
P -220.7476, -462.4913, 0.0047,  0, 0, 0,  3,  Widowmistress
P -106.4054, -341.7977, 4.0010,  0, 0, 0,  3,  Najena_room
P 54.1711, -73.8545, -13.9990,  0, 0, 0,  1,  skeleton
P -115.9324, -143.7456, -16.9990,  0, 0, 0,  1,  skeleton
P -217.4419, -357.1522, -13.9990,  0, 0, 0,  2,  Trazdon
P -178.0731, -356.7187, -20.9990,  0, 0, 0,  2,  mage_spawn
P -198.0906, -328.5111, -29.9990,  0, 0, 0,  2,  2elementals
P -217.2747, -356.2839, -13.9990,  0, 0, 0,  2,  mage_spawn
P -188.4548, -54.4972, -27.9990,  0, 0, 0,  2,  Ogre_captian
P -218.1973, -257.5913, -12.6876,  0, 0, 0,  1,  Spikes
P -175.6506, -257.3737, -27.9990,  0, 0, 0,  2,  BoneCracker
P -216.8522, -263.6563, -13.9990,  0, 0, 0,  1,  Drop_off_
P 90.6064, 35.6852, -28.9990,  0, 0, 0,  1,  Pit_floor_to_basement
P 115.5987, 154.4506, -26.9990,  0, 0, 0,  2,  Rathyl
P 50.1992, 161.8608, -26.7427,  0, 0, 0,  2,  Ekeros
