L -114.0000, -1815.0000, 550.0000,  -193.0000, -1860.0000, 550.0000,  127, 127, 127
L -165.0000, -1750.0000, 599.0000,  -205.0000, -1750.0000, 599.0000,  127, 127, 127
L -234.0000, -1793.0000, 597.0000,  -163.0000, -1750.0000, 597.0000,  127, 127, 127
L -250.0000, -1750.0000, 618.0000,  -231.0000, -1750.0000, 599.0000,  0, 0, 0
L -230.0000, -1832.0000, 578.0000,  -250.0000, -1750.0000, 618.0000,  0, 0, 0
L -193.0000, -1860.0000, 550.0000,  -230.0000, -1832.0000, 578.0000,  0, 0, 0
L -159.0000, -1868.0000, 552.0000,  -193.0000, -1860.0000, 550.0000,  0, 0, 0
L -129.0000, -1868.0000, 553.0000,  -159.0000, -1868.0000, 552.0000,  0, 0, 0
L -96.0000, -1874.0000, 550.0000,  -129.0000, -1868.0000, 553.0000,  0, 0, 0
L -67.0000, -1903.0000, 550.0000,  -96.0000, -1874.0000, 550.0000,  0, 0, 0
L -53.0000, -1942.0000, 553.0000,  -67.0000, -1903.0000, 550.0000,  0, 0, 0
L -54.0000, -1999.0000, 550.0000,  -53.0000, -1942.0000, 553.0000,  0, 0, 0
L -90.0000, -2038.0000, 550.0000,  -54.0000, -1999.0000, 550.0000,  0, 0, 0
L -111.0000, -2046.0000, 551.0000,  -90.0000, -2038.0000, 550.0000,  0, 0, 0
L -152.0000, -2045.0000, 550.0000,  -111.0000, -2046.0000, 551.0000,  0, 0, 0
L -1523.0000, -905.0000, 518.0000,  -1516.0000, -939.0000, 518.0000,  0, 0, 0
L -1516.0000, -939.0000, 518.0000,  -1541.0000, -977.0000, 518.0000,  0, 0, 0
L -1541.0000, -977.0000, 518.0000,  -1510.0000, -999.0000, 518.0000,  0, 0, 0
L -1510.0000, -999.0000, 518.0000,  -1500.0000, -1039.0000, 518.0000,  0, 0, 0
L -1500.0000, -1039.0000, 518.0000,  -1468.0000, -1031.0000, 518.0000,  0, 0, 0
L -1468.0000, -1031.0000, 518.0000,  -1428.0000, -1056.0000, 518.0000,  0, 0, 0
L -1428.0000, -1056.0000, 518.0000,  -1329.0000, -1125.0000, 468.0000,  0, 0, 0
L -1329.0000, -1125.0000, 468.0000,  -1296.0000, -1149.0000, 468.0000,  0, 0, 0
L -1296.0000, -1149.0000, 468.0000,  -1287.0000, -1186.0000, 468.0000,  0, 0, 0
L -1287.0000, -1186.0000, 468.0000,  -1251.0000, -1180.0000, 468.0000,  0, 0, 0
L -1251.0000, -1180.0000, 468.0000,  -1217.0000, -1205.0000, 468.0000,  0, 0, 0
L -1217.0000, -1205.0000, 468.0000,  -1192.0000, -1171.0000, 468.0000,  0, 0, 0
L -1192.0000, -1171.0000, 468.0000,  -1153.0000, -1164.0000, 468.0000,  0, 0, 0
L -1153.0000, -1164.0000, 468.0000,  -1161.0000, -1128.0000, 468.0000,  0, 0, 0
L -1161.0000, -1128.0000, 468.0000,  -1139.0000, -1094.0000, 468.0000,  0, 0, 0
L -1139.0000, -1094.0000, 468.0000,  -1055.0000, -971.0000, 339.0000,  0, 0, 0
L 1527.0000, -613.0000, 198.0000,  1516.0000, -582.0000, 199.0000,  0, 0, 0
L 1508.0000, -535.0000, 199.0000,  1508.0000, -535.0000, 199.0000,  0, 0, 0
L 1038.0000, 1208.0000, 553.0000,  1039.0000, 1201.0000, 553.0000,  0, 0, 0
L 1039.0000, 1201.0000, 553.0000,  1052.0000, 1200.0000, 553.0000,  0, 0, 0
L 1052.0000, 1200.0000, 553.0000,  1052.0000, 1155.0000, 553.0000,  0, 0, 0
L 1052.0000, 1155.0000, 553.0000,  1004.0000, 1155.0000, 553.0000,  0, 0, 0
L 1004.0000, 1155.0000, 553.0000,  1004.0000, 1200.0000, 553.0000,  0, 0, 0
L 1004.0000, 1200.0000, 553.0000,  1018.0000, 1201.0000, 553.0000,  0, 0, 0
L 1018.0000, 1201.0000, 553.0000,  1018.0000, 1212.0000, 553.0000,  0, 0, 0
L 1018.0000, 1212.0000, 553.0000,  992.0000, 1212.0000, 554.0000,  0, 0, 0
L 992.0000, 1212.0000, 553.0000,  992.0000, 1198.0000, 554.0000,  0, 0, 0
L 992.0000, 1198.0000, 554.0000,  986.0000, 1197.0000, 554.0000,  0, 0, 0
L 986.0000, 1197.0000, 555.0000,  986.0000, 1162.0000, 554.0000,  0, 0, 0
L 986.0000, 1162.0000, 555.0000,  992.0000, 1160.0000, 556.0000,  0, 0, 0
L 992.0000, 1160.0000, 555.0000,  993.0000, 1141.0000, 556.0000,  0, 0, 0
L 993.0000, 1141.0000, 556.0000,  1063.0000, 1143.0000, 556.0000,  0, 0, 0
L 1063.0000, 1143.0000, 556.0000,  1064.0000, 1160.0000, 556.0000,  0, 0, 0
L 1064.0000, 1160.0000, 556.0000,  1070.0000, 1162.0000, 556.0000,  0, 0, 0
L 1070.0000, 1162.0000, 556.0000,  1068.0000, 1197.0000, 557.0000,  0, 0, 0
L 1068.0000, 1197.0000, 557.0000,  1064.0000, 1198.0000, 558.0000,  0, 0, 0
L 1064.0000, 1198.0000, 558.0000,  1064.0000, 1210.0000, 558.0000,  0, 0, 0
L 1064.0000, 1210.0000, 559.0000,  1039.0000, 1212.0000, 558.0000,  0, 0, 0
L 1039.0000, 1212.0000, 558.0000,  1038.0000, 1208.0000, 559.0000,  0, 0, 0
L 1071.0000, 1255.0000, 555.0000,  1110.0000, 1223.0000, 556.0000,  0, 0, 0
L 1110.0000, 1223.0000, 555.0000,  1129.0000, 1177.0000, 555.0000,  0, 0, 0
L 1129.0000, 1177.0000, 556.0000,  1121.0000, 1126.0000, 555.0000,  0, 0, 0
L 1121.0000, 1126.0000, 556.0000,  1089.0000, 1086.0000, 555.0000,  0, 0, 0
L 1089.0000, 1086.0000, 555.0000,  1039.0000, 1066.0000, 556.0000,  0, 0, 0
L 1039.0000, 1066.0000, 556.0000,  995.0000, 1073.0000, 556.0000,  0, 0, 0
L 2.0000, -1667.0000, 601.0000,  2.0000, -1640.0000, 601.0000,  0, 0, 0
L 2.0000, -1640.0000, 601.0000,  1.0000, -1622.0000, 592.0000,  0, 0, 0
L 1.0000, -1622.0000, 592.0000,  -17.0000, -1603.0000, 583.0000,  0, 0, 0
L -17.0000, -1603.0000, 583.0000,  -61.0000, -1603.0000, 582.0000,  0, 0, 0
L -61.0000, -1603.0000, 582.0000,  -61.0000, -1595.0000, 578.0000,  0, 0, 0
L -61.0000, -1595.0000, 578.0000,  -111.0000, -1593.0000, 578.0000,  0, 0, 0
L -111.0000, -1593.0000, 578.0000,  -113.0000, -1612.0000, 586.0000,  0, 0, 0
L -113.0000, -1612.0000, 586.0000,  -121.0000, -1621.0000, 591.0000,  0, 0, 0
L -121.0000, -1621.0000, 591.0000,  -123.0000, -1636.0000, 599.0000,  0, 0, 0
L -123.0000, -1636.0000, 599.0000,  -123.0000, -1702.0000, 601.0000,  0, 0, 0
L -123.0000, -1702.0000, 601.0000,  -166.0000, -1702.0000, 601.0000,  0, 0, 0
L -166.0000, -1702.0000, 601.0000,  -170.0000, -1712.0000, 601.0000,  0, 0, 0
L -170.0000, -1712.0000, 601.0000,  -160.0000, -1720.0000, 601.0000,  0, 0, 0
L -160.0000, -1720.0000, 601.0000,  -160.0000, -1732.0000, 601.0000,  0, 0, 0
L -160.0000, -1732.0000, 601.0000,  -167.0000, -1733.0000, 601.0000,  0, 0, 0
L -167.0000, -1733.0000, 601.0000,  -167.0000, -1748.0000, 600.0000,  0, 0, 0
L -167.0000, -1748.0000, 600.0000,  -118.0000, -1751.0000, 591.0000,  0, 0, 0
L -241.0000, -1750.0000, 600.0000,  -204.0000, -1750.0000, 599.0000,  0, 0, 0
L -204.0000, -1750.0000, 599.0000,  -198.0000, -1745.0000, 601.0000,  0, 0, 0
L -198.0000, -1745.0000, 601.0000,  -198.0000, -1739.0000, 601.0000,  0, 0, 0
L -198.0000, -1739.0000, 601.0000,  -208.0000, -1732.0000, 601.0000,  0, 0, 0
L -208.0000, -1732.0000, 601.0000,  -208.0000, -1720.0000, 601.0000,  0, 0, 0
L -208.0000, -1720.0000, 601.0000,  -200.0000, -1717.0000, 601.0000,  0, 0, 0
L -200.0000, -1717.0000, 601.0000,  -198.0000, -1707.0000, 601.0000,  0, 0, 0
L -198.0000, -1707.0000, 601.0000,  -205.0000, -1702.0000, 601.0000,  0, 0, 0
L -205.0000, -1702.0000, 601.0000,  -245.0000, -1702.0000, 601.0000,  0, 0, 0
L -245.0000, -1702.0000, 601.0000,  -245.0000, -1640.0000, 601.0000,  0, 0, 0
L -245.0000, -1640.0000, 601.0000,  -245.0000, -1623.0000, 592.0000,  0, 0, 0
L -245.0000, -1623.0000, 592.0000,  -256.0000, -1612.0000, 586.0000,  0, 0, 0
L -256.0000, -1612.0000, 586.0000,  -255.0000, -1593.0000, 577.0000,  0, 0, 0
L -255.0000, -1593.0000, 577.0000,  -270.0000, -1591.0000, 577.0000,  0, 0, 0
L -270.0000, -1591.0000, 577.0000,  -302.0000, -1592.0000, 593.0000,  0, 0, 0
L -302.0000, -1592.0000, 593.0000,  -307.0000, -1603.0000, 592.0000,  0, 0, 0
L -307.0000, -1603.0000, 592.0000,  -344.0000, -1604.0000, 618.0000,  0, 0, 0
L -344.0000, -1604.0000, 618.0000,  -368.0000, -1623.0000, 622.0000,  0, 0, 0
L -368.0000, -1623.0000, 622.0000,  -370.0000, -1667.0000, 601.0000,  0, 0, 0
L -370.0000, -1667.0000, 601.0000,  -378.0000, -1667.0000, 601.0000,  0, 0, 0
L -378.0000, -1667.0000, 601.0000,  -379.0000, -1704.0000, 601.0000,  0, 0, 0
L -379.0000, -1704.0000, 601.0000,  -388.0000, -1704.0000, 601.0000,  0, 0, 0
L -388.0000, -1704.0000, 601.0000,  -389.0000, -1686.0000, 601.0000,  0, 0, 0
L -389.0000, -1686.0000, 601.0000,  -399.0000, -1684.0000, 603.0000,  0, 0, 0
L -399.0000, -1684.0000, 603.0000,  -419.0000, -1685.0000, 617.0000,  0, 0, 0
L -419.0000, -1685.0000, 617.0000,  -422.0000, -1687.0000, 620.0000,  0, 0, 0
L -422.0000, -1687.0000, 620.0000,  -423.0000, -1705.0000, 618.0000,  0, 0, 0
L -423.0000, -1705.0000, 618.0000,  -426.0000, -1705.0000, 622.0000,  0, 0, 0
L -426.0000, -1705.0000, 622.0000,  -451.0000, -1637.0000, 678.0000,  0, 0, 0
L -451.0000, -1637.0000, 678.0000,  -486.0000, -1543.0000, 684.0000,  0, 0, 0
L -486.0000, -1543.0000, 684.0000,  -603.0000, -1503.0000, 729.0000,  0, 0, 0
L -603.0000, -1503.0000, 729.0000,  -771.0000, -1457.0000, 640.0000,  0, 0, 0
L -771.0000, -1457.0000, 640.0000,  -1120.0000, -1399.0000, 593.0000,  0, 0, 0
L -1120.0000, -1399.0000, 593.0000,  -1206.0000, -1399.0000, 595.0000,  0, 0, 0
L -1206.0000, -1399.0000, 595.0000,  -1288.0000, -1375.0000, 613.0000,  0, 0, 0
L -1289.0000, -1375.0000, 612.0000,  -1341.0000, -1347.0000, 568.0000,  0, 0, 0
L -1341.0000, -1347.0000, 568.0000,  -1449.0000, -1268.0000, 535.0000,  0, 0, 0
L -1449.0000, -1268.0000, 535.0000,  -1588.0000, -1082.0000, 525.0000,  0, 0, 0
L -1588.0000, -1082.0000, 525.0000,  -1609.0000, -1018.0000, 554.0000,  0, 0, 0
L -1609.0000, -1018.0000, 554.0000,  -1643.0000, -912.0000, 591.0000,  0, 0, 0
L -1643.0000, -911.0000, 591.0000,  -1655.0000, -851.0000, 623.0000,  0, 0, 0
L -1655.0000, -851.0000, 623.0000,  -1668.0000, -765.0000, 547.0000,  0, 0, 0
L -1668.0000, -765.0000, 547.0000,  -1678.0000, -698.0000, 506.0000,  0, 0, 0
L -1678.0000, -698.0000, 506.0000,  -1684.0000, -626.0000, 469.0000,  0, 0, 0
L -1684.0000, -626.0000, 469.0000,  -1689.0000, -552.0000, 485.0000,  0, 0, 0
L -1689.0000, -552.0000, 485.0000,  -1687.0000, -455.0000, 529.0000,  0, 0, 0
L -1687.0000, -455.0000, 529.0000,  -1677.0000, -315.0000, 548.0000,  0, 0, 0
L -1677.0000, -315.0000, 548.0000,  -1658.0000, -218.0000, 573.0000,  0, 0, 0
L -1658.0000, -218.0000, 573.0000,  -1633.0000, -38.0000, 577.0000,  0, 0, 0
L -1633.0000, -38.0000, 577.0000,  -1643.0000, 112.0000, 610.0000,  0, 0, 0
L -1643.0000, 112.0000, 610.0000,  -1661.0000, 238.0000, 621.0000,  0, 0, 0
L -1661.0000, 238.0000, 621.0000,  -1672.0000, 316.0000, 562.0000,  0, 0, 0
L -1672.0000, 316.0000, 562.0000,  -1660.0000, 425.0000, 386.0000,  0, 0, 0
L -1660.0000, 425.0000, 386.0000,  -1705.0000, 565.0000, 413.0000,  0, 0, 0
L -1705.0000, 565.0000, 413.0000,  -1660.0000, 626.0000, 292.0000,  0, 0, 0
L -1660.0000, 626.0000, 292.0000,  -1660.0000, 680.0000, 237.0000,  0, 0, 0
L -1660.0000, 680.0000, 237.0000,  -1739.0000, 783.0000, 302.0000,  0, 0, 0
L -1739.0000, 783.0000, 302.0000,  -1823.0000, 836.0000, 383.0000,  0, 0, 0
L -1823.0000, 836.0000, 383.0000,  -1865.0000, 877.0000, 346.0000,  0, 0, 0
L -1866.0000, 878.0000, 343.0000,  -1897.0000, 908.0000, 291.0000,  0, 0, 0
L -1897.0000, 908.0000, 291.0000,  -1903.0000, 952.0000, 230.0000,  0, 0, 0
L -1903.0000, 952.0000, 230.0000,  -1905.0000, 968.0000, 221.0000,  0, 0, 0
L -1905.0000, 968.0000, 221.0000,  -1906.0000, 974.0000, 198.0000,  0, 0, 0
L -1905.0000, 975.0000, 198.0000,  -1850.0000, 943.0000, 197.0000,  0, 0, 240
L -1850.0000, 943.0000, 197.0000,  -1785.0000, 896.0000, 195.0000,  0, 0, 240
L -1785.0000, 896.0000, 195.0000,  -1755.0000, 882.0000, 193.0000,  0, 0, 240
L -1906.0000, 974.0000, 199.0000,  -1935.0000, 1205.0000, 194.0000,  0, 0, 0
L -1936.0000, 1209.0000, 193.0000,  -1998.0000, 1694.0000, 191.0000,  0, 0, 0
L -1998.0000, 1694.0000, 191.0000,  -2368.0000, 4595.0000, 194.0000,  0, 0, 0
L -2368.0000, 4595.0000, 194.0000,  -2400.0000, 4846.0000, 196.0000,  0, 0, 0
L -2400.0000, 4846.0000, 196.0000,  -463.0000, 4767.0000, 195.0000,  0, 0, 0
L -463.0000, 4767.0000, 195.0000,  2028.0000, 4678.0000, 196.0000,  0, 0, 0
L 2028.0000, 4678.0000, 196.0000,  1705.0000, 1313.0000, 193.0000,  0, 0, 0
L 1705.0000, 1313.0000, 193.0000,  1688.0000, 1290.0000, 210.0000,  0, 0, 0
L 1700.0000, 1307.0000, 196.0000,  1676.0000, 1286.0000, 201.0000,  0, 0, 240
L 1676.0000, 1286.0000, 201.0000,  1643.0000, 1262.0000, 201.0000,  0, 0, 240
L 1643.0000, 1262.0000, 201.0000,  1625.0000, 1243.0000, 200.0000,  0, 0, 240
L 1625.0000, 1243.0000, 200.0000,  1597.0000, 1201.0000, 201.0000,  0, 0, 240
L 1597.0000, 1201.0000, 201.0000,  1582.0000, 1182.0000, 202.0000,  0, 0, 240
L 1582.0000, 1182.0000, 202.0000,  1569.0000, 1160.0000, 203.0000,  0, 0, 240
L 1569.0000, 1160.0000, 203.0000,  1552.0000, 1120.0000, 202.0000,  0, 0, 240
L 1552.0000, 1120.0000, 202.0000,  1546.0000, 1088.0000, 202.0000,  0, 0, 240
L 1546.0000, 1088.0000, 202.0000,  1546.0000, 1068.0000, 202.0000,  0, 0, 240
L 1546.0000, 1068.0000, 202.0000,  1516.0000, 1018.0000, 199.0000,  0, 0, 240
L 1516.0000, 1018.0000, 199.0000,  1490.0000, 1012.0000, 200.0000,  0, 0, 240
L 1490.0000, 1012.0000, 200.0000,  1470.0000, 1003.0000, 196.0000,  0, 0, 240
L 1470.0000, 1003.0000, 196.0000,  1467.0000, 975.0000, 201.0000,  0, 0, 240
L 1467.0000, 975.0000, 201.0000,  1472.0000, 935.0000, 199.0000,  0, 0, 240
L 1472.0000, 935.0000, 199.0000,  1466.0000, 870.0000, 202.0000,  0, 0, 240
L 1466.0000, 870.0000, 202.0000,  1468.0000, 833.0000, 200.0000,  0, 0, 240
L 1468.0000, 833.0000, 200.0000,  1469.0000, 737.0000, 200.0000,  0, 0, 240
L 1469.0000, 737.0000, 200.0000,  1462.0000, 673.0000, 201.0000,  0, 0, 240
L 1462.0000, 673.0000, 201.0000,  1463.0000, 170.0000, 201.0000,  0, 0, 240
L 1699.0000, 1305.0000, 197.0000,  1645.0000, 1232.0000, 246.0000,  0, 0, 0
L 1645.0000, 1232.0000, 246.0000,  1645.0000, 1232.0000, 246.0000,  0, 0, 0
L 1645.0000, 1232.0000, 246.0000,  1584.0000, 1171.0000, 219.0000,  0, 0, 0
L 1584.0000, 1171.0000, 219.0000,  1596.0000, 1158.0000, 263.0000,  0, 0, 0
L 1596.0000, 1158.0000, 263.0000,  1616.0000, 1120.0000, 292.0000,  0, 0, 0
L 1616.0000, 1120.0000, 292.0000,  1616.0000, 1101.0000, 260.0000,  0, 0, 0
L 1616.0000, 1101.0000, 260.0000,  1637.0000, 1086.0000, 270.0000,  0, 0, 0
L 1637.0000, 1086.0000, 270.0000,  1662.0000, 1080.0000, 283.0000,  0, 0, 0
L 1662.0000, 1080.0000, 283.0000,  1675.0000, 1065.0000, 286.0000,  0, 0, 0
L 1675.0000, 1065.0000, 286.0000,  1715.0000, 1032.0000, 304.0000,  0, 0, 0
L 1715.0000, 1032.0000, 304.0000,  1715.0000, 1003.0000, 294.0000,  0, 0, 0
L 1715.0000, 1003.0000, 294.0000,  1728.0000, 1000.0000, 303.0000,  0, 0, 0
L 1728.0000, 1000.0000, 303.0000,  1731.0000, 955.0000, 292.0000,  0, 0, 0
L 1731.0000, 955.0000, 292.0000,  1735.0000, 870.0000, 297.0000,  0, 0, 0
L 1735.0000, 870.0000, 297.0000,  1728.0000, 800.0000, 289.0000,  0, 0, 0
L 1728.0000, 800.0000, 289.0000,  1713.0000, 720.0000, 278.0000,  0, 0, 0
L 1713.0000, 720.0000, 278.0000,  1699.0000, 648.0000, 282.0000,  0, 0, 0
L 1699.0000, 648.0000, 282.0000,  1692.0000, 613.0000, 290.0000,  0, 0, 0
L 1692.0000, 613.0000, 290.0000,  1693.0000, 551.0000, 301.0000,  0, 0, 0
L 1693.0000, 551.0000, 301.0000,  1695.0000, 523.0000, 289.0000,  0, 0, 0
L 1695.0000, 523.0000, 289.0000,  1708.0000, 421.0000, 303.0000,  0, 0, 0
L 1708.0000, 421.0000, 303.0000,  1715.0000, 373.0000, 299.0000,  0, 0, 0
L 1715.0000, 373.0000, 299.0000,  1731.0000, 347.0000, 299.0000,  0, 0, 0
L 1731.0000, 347.0000, 299.0000,  1750.0000, 299.0000, 314.0000,  0, 0, 0
L 1750.0000, 299.0000, 314.0000,  1717.0000, 195.0000, 285.0000,  0, 0, 0
L 1717.0000, 195.0000, 285.0000,  1710.0000, 173.0000, 291.0000,  0, 0, 0
L 1710.0000, 173.0000, 291.0000,  1696.0000, 144.0000, 298.0000,  0, 0, 0
L 1696.0000, 144.0000, 298.0000,  1695.0000, 109.0000, 294.0000,  0, 0, 0
L 1695.0000, 109.0000, 294.0000,  1695.0000, -7.0000, 314.0000,  0, 0, 0
L 1695.0000, -8.0000, 314.0000,  1682.0000, -28.0000, 305.0000,  0, 0, 0
L 1682.0000, -28.0000, 305.0000,  1608.0000, -77.0000, 282.0000,  0, 0, 0
L 1608.0000, -77.0000, 282.0000,  1576.0000, -97.0000, 278.0000,  0, 0, 0
L 1576.0000, -97.0000, 278.0000,  1553.0000, -120.0000, 260.0000,  0, 0, 0
L 1553.0000, -120.0000, 260.0000,  1527.0000, -157.0000, 260.0000,  0, 0, 0
L 1527.0000, -157.0000, 260.0000,  1516.0000, -208.0000, 217.0000,  0, 0, 0
L 1516.0000, -208.0000, 216.0000,  1516.0000, -280.0000, 212.0000,  0, 0, 0
L 1516.0000, -280.0000, 212.0000,  1516.0000, -285.0000, 216.0000,  0, 0, 0
L 1516.0000, -285.0000, 216.0000,  1518.0000, -359.0000, 245.0000,  0, 0, 0
L 1518.0000, -359.0000, 245.0000,  1519.0000, -402.0000, 242.0000,  0, 0, 0
L 1519.0000, -402.0000, 242.0000,  1533.0000, -478.0000, 252.0000,  0, 0, 0
L 1533.0000, -478.0000, 252.0000,  1516.0000, -537.0000, 218.0000,  0, 0, 0
L 1516.0000, -537.0000, 218.0000,  1516.0000, -582.0000, 203.0000,  0, 0, 0
L 1527.0000, -613.0000, 202.0000,  1576.0000, -714.0000, 245.0000,  0, 0, 0
L 1576.0000, -716.0000, 245.0000,  1576.0000, -789.0000, 249.0000,  0, 0, 0
L 1576.0000, -789.0000, 249.0000,  1577.0000, -912.0000, 292.0000,  0, 0, 0
L 1577.0000, -912.0000, 292.0000,  1583.0000, -1005.0000, 313.0000,  0, 0, 0
L 1583.0000, -1005.0000, 313.0000,  1619.0000, -1049.0000, 392.0000,  0, 0, 0
L 1619.0000, -1049.0000, 392.0000,  1585.0000, -1188.0000, 372.0000,  0, 0, 0
L 1585.0000, -1188.0000, 372.0000,  1417.0000, -1238.0000, 355.0000,  0, 0, 0
L 1417.0000, -1238.0000, 355.0000,  1235.0000, -1279.0000, 403.0000,  0, 0, 0
L 1235.0000, -1279.0000, 403.0000,  988.0000, -1314.0000, 493.0000,  0, 0, 0
L 988.0000, -1314.0000, 493.0000,  896.0000, -1324.0000, 522.0000,  0, 0, 0
L 896.0000, -1324.0000, 522.0000,  881.0000, -1305.0000, 522.0000,  0, 0, 0
L 881.0000, -1305.0000, 522.0000,  849.0000, -1297.0000, 498.0000,  0, 0, 0
L 849.0000, -1297.0000, 498.0000,  825.0000, -1313.0000, 492.0000,  0, 0, 0
L 825.0000, -1313.0000, 492.0000,  816.0000, -1333.0000, 505.0000,  0, 0, 0
L 816.0000, -1333.0000, 505.0000,  779.0000, -1336.0000, 503.0000,  0, 0, 0
L 776.0000, -1336.0000, 503.0000,  700.0000, -1342.0000, 443.0000,  0, 0, 0
L 700.0000, -1343.0000, 443.0000,  602.0000, -1367.0000, 454.0000,  0, 0, 0
L 601.0000, -1367.0000, 454.0000,  490.0000, -1388.0000, 410.0000,  0, 0, 0
L 490.0000, -1388.0000, 410.0000,  353.0000, -1406.0000, 460.0000,  0, 0, 0
L 353.0000, -1406.0000, 460.0000,  282.0000, -1413.0000, 487.0000,  0, 0, 0
L 282.0000, -1413.0000, 487.0000,  219.0000, -1498.0000, 600.0000,  0, 0, 0
L 219.0000, -1498.0000, 600.0000,  161.0000, -1576.0000, 652.0000,  0, 0, 0
L 161.0000, -1576.0000, 652.0000,  100.0000, -1665.0000, 662.0000,  0, 0, 0
L 100.0000, -1665.0000, 662.0000,  82.0000, -1693.0000, 659.0000,  0, 0, 0
L 82.0000, -1693.0000, 659.0000,  53.0000, -1696.0000, 631.0000,  0, 0, 0
L 53.0000, -1696.0000, 631.0000,  54.0000, -1725.0000, 642.0000,  0, 0, 0
L 54.0000, -1725.0000, 642.0000,  8.0000, -1716.0000, 624.0000,  0, 0, 0
L 8.0000, -1716.0000, 624.0000,  13.0000, -1670.0000, 607.0000,  0, 0, 0
L 13.0000, -1670.0000, 607.0000,  2.0000, -1667.0000, 601.0000,  0, 0, 0
L 2.0000, -1667.0000, 601.0000,  2.0000, -1647.0000, 601.0000,  0, 0, 0
L 391.0000, -1008.0000, 201.0000,  411.0000, -1001.0000, 198.0000,  0, 0, 240
L 411.0000, -1001.0000, 198.0000,  451.0000, -1001.0000, 199.0000,  0, 0, 240
L 451.0000, -1001.0000, 199.0000,  498.0000, -1004.0000, 198.0000,  0, 0, 240
L 498.0000, -1004.0000, 198.0000,  551.0000, -987.0000, 193.0000,  0, 0, 240
L 551.0000, -986.0000, 192.0000,  567.0000, -988.0000, 197.0000,  0, 0, 240
L 567.0000, -988.0000, 197.0000,  634.0000, -1001.0000, 199.0000,  0, 0, 240
L 634.0000, -1001.0000, 199.0000,  676.0000, -1002.0000, 199.0000,  0, 0, 240
L 676.0000, -1002.0000, 199.0000,  739.0000, -1015.0000, 197.0000,  0, 0, 240
L 739.0000, -1015.0000, 197.0000,  849.0000, -1018.0000, 198.0000,  0, 0, 240
L 849.0000, -1018.0000, 198.0000,  901.0000, -1024.0000, 199.0000,  0, 0, 240
L 901.0000, -1024.0000, 199.0000,  936.0000, -1019.0000, 197.0000,  0, 0, 240
L 936.0000, -1019.0000, 197.0000,  976.0000, -1004.0000, 199.0000,  0, 0, 240
L 976.0000, -1004.0000, 199.0000,  1016.0000, -1003.0000, 196.0000,  0, 0, 240
L 1016.0000, -1003.0000, 196.0000,  1057.0000, -1008.0000, 196.0000,  0, 0, 240
L 1057.0000, -1008.0000, 196.0000,  1093.0000, -1006.0000, 198.0000,  0, 0, 240
L 1093.0000, -1006.0000, 198.0000,  1130.0000, -1016.0000, 197.0000,  0, 0, 240
L 1130.0000, -1016.0000, 197.0000,  1165.0000, -1038.0000, 197.0000,  0, 0, 240
L 1165.0000, -1038.0000, 197.0000,  1208.0000, -1049.0000, 198.0000,  0, 0, 240
L 1208.0000, -1049.0000, 198.0000,  1244.0000, -1051.0000, 200.0000,  0, 0, 240
L 1244.0000, -1051.0000, 200.0000,  1299.0000, -1061.0000, 198.0000,  0, 0, 240
L 1299.0000, -1061.0000, 198.0000,  1373.0000, -1033.0000, 199.0000,  0, 0, 240
L 1373.0000, -1033.0000, 199.0000,  1431.0000, -1023.0000, 198.0000,  0, 0, 240
L 1431.0000, -1023.0000, 198.0000,  1472.0000, -996.0000, 198.0000,  0, 0, 240
L 1472.0000, -996.0000, 198.0000,  1485.0000, -943.0000, 199.0000,  0, 0, 240
L 1485.0000, -943.0000, 199.0000,  1485.0000, -914.0000, 199.0000,  0, 0, 240
L 1485.0000, -914.0000, 199.0000,  1505.0000, -876.0000, 199.0000,  0, 0, 240
L 1505.0000, -876.0000, 199.0000,  1546.0000, -802.0000, 198.0000,  0, 0, 240
L 1546.0000, -802.0000, 198.0000,  1562.0000, -757.0000, 197.0000,  0, 0, 240
L 1562.0000, -757.0000, 197.0000,  1557.0000, -722.0000, 197.0000,  0, 0, 240
L 1557.0000, -722.0000, 197.0000,  1549.0000, -703.0000, 200.0000,  0, 0, 240
L 1549.0000, -703.0000, 200.0000,  1538.0000, -655.0000, 198.0000,  0, 0, 240
L 1538.0000, -655.0000, 198.0000,  1530.0000, -620.0000, 196.0000,  0, 0, 240
L 1530.0000, -620.0000, 196.0000,  1521.0000, -599.0000, 195.0000,  0, 0, 240
L 1521.0000, -599.0000, 195.0000,  1509.0000, -560.0000, 198.0000,  0, 0, 240
L 1509.0000, -560.0000, 198.0000,  1502.0000, -524.0000, 192.0000,  0, 0, 240
L 1502.0000, -524.0000, 192.0000,  1510.0000, -503.0000, 198.0000,  0, 0, 240
L 1510.0000, -503.0000, 198.0000,  1505.0000, -478.0000, 198.0000,  0, 0, 240
L 1505.0000, -478.0000, 198.0000,  1497.0000, -451.0000, 198.0000,  0, 0, 240
L 1497.0000, -451.0000, 198.0000,  1498.0000, -398.0000, 194.0000,  0, 0, 240
L 1498.0000, -398.0000, 194.0000,  1496.0000, -374.0000, 194.0000,  0, 0, 240
L 1496.0000, -374.0000, 194.0000,  1500.0000, -361.0000, 196.0000,  0, 0, 240
L 1500.0000, -361.0000, 196.0000,  1498.0000, -322.0000, 199.0000,  0, 0, 240
L 1498.0000, -322.0000, 199.0000,  1501.0000, -300.0000, 199.0000,  0, 0, 240
L 1501.0000, -300.0000, 199.0000,  1515.0000, -255.0000, 197.0000,  0, 0, 240
L 1515.0000, -255.0000, 197.0000,  1502.0000, -190.0000, 199.0000,  0, 0, 240
L 1502.0000, -190.0000, 199.0000,  1487.0000, -162.0000, 192.0000,  0, 0, 240
L 1487.0000, -162.0000, 192.0000,  1495.0000, -139.0000, 195.0000,  0, 0, 240
L 1495.0000, -139.0000, 195.0000,  1500.0000, -115.0000, 198.0000,  0, 0, 240
L 1500.0000, -115.0000, 198.0000,  1487.0000, -87.0000, 201.0000,  0, 0, 240
L 1487.0000, -87.0000, 201.0000,  1462.0000, -98.0000, 199.0000,  0, 0, 240
L 1462.0000, -98.0000, 199.0000,  1454.0000, -72.0000, 199.0000,  0, 0, 240
L 1454.0000, -72.0000, 199.0000,  1454.0000, -53.0000, 199.0000,  0, 0, 240
L 1454.0000, -53.0000, 199.0000,  1472.0000, -52.0000, 200.0000,  0, 0, 240
L 1472.0000, -52.0000, 200.0000,  1470.0000, -38.0000, 200.0000,  0, 0, 240
L 1470.0000, -38.0000, 200.0000,  1454.0000, -19.0000, 199.0000,  0, 0, 240
L 1454.0000, -19.0000, 199.0000,  1449.0000, 5.0000, 200.0000,  0, 0, 240
L 1449.0000, 5.0000, 200.0000,  1454.0000, 22.0000, 199.0000,  0, 0, 240
L 1454.0000, 22.0000, 199.0000,  1466.0000, 27.0000, 201.0000,  0, 0, 240
L 1466.0000, 27.0000, 199.0000,  1463.0000, 170.0000, 200.0000,  0, 0, 240
L 395.0000, -1006.0000, 206.0000,  315.0000, -1066.0000, 199.0000,  0, 0, 240
L 315.0000, -1066.0000, 199.0000,  262.0000, -1090.0000, 199.0000,  0, 0, 240
L 262.0000, -1090.0000, 199.0000,  217.0000, -1118.0000, 201.0000,  0, 0, 240
L 217.0000, -1118.0000, 201.0000,  183.0000, -1122.0000, 200.0000,  0, 0, 240
L 183.0000, -1122.0000, 200.0000,  106.0000, -1105.0000, 202.0000,  0, 0, 240
L 106.0000, -1105.0000, 202.0000,  34.0000, -1105.0000, 200.0000,  0, 0, 240
L 34.0000, -1105.0000, 200.0000,  -66.0000, -1105.0000, 201.0000,  0, 0, 240
L -67.0000, -1105.0000, 201.0000,  -127.0000, -1098.0000, 203.0000,  0, 0, 240
L -127.0000, -1098.0000, 203.0000,  -182.0000, -1102.0000, 199.0000,  0, 0, 240
L -182.0000, -1102.0000, 199.0000,  -247.0000, -1094.0000, 198.0000,  0, 0, 240
L -247.0000, -1094.0000, 198.0000,  -303.0000, -1096.0000, 200.0000,  0, 0, 240
L -303.0000, -1096.0000, 200.0000,  -445.0000, -1118.0000, 200.0000,  0, 0, 240
L -445.0000, -1118.0000, 200.0000,  -549.0000, -1120.0000, 201.0000,  0, 0, 240
L -549.0000, -1120.0000, 201.0000,  -584.0000, -1109.0000, 199.0000,  0, 0, 240
L -584.0000, -1109.0000, 199.0000,  -601.0000, -1090.0000, 193.0000,  0, 0, 240
L -601.0000, -1090.0000, 192.0000,  -624.0000, -1096.0000, 196.0000,  0, 0, 240
L -624.0000, -1096.0000, 196.0000,  -712.0000, -1057.0000, 201.0000,  0, 0, 240
L -712.0000, -1057.0000, 201.0000,  -782.0000, -1037.0000, 200.0000,  0, 0, 240
L -782.0000, -1037.0000, 200.0000,  -836.0000, -1018.0000, 199.0000,  0, 0, 240
L -836.0000, -1018.0000, 199.0000,  -856.0000, -993.0000, 200.0000,  0, 0, 240
L -856.0000, -993.0000, 200.0000,  -871.0000, -969.0000, 201.0000,  0, 0, 240
L -871.0000, -969.0000, 201.0000,  -913.0000, -940.0000, 200.0000,  0, 0, 240
L -913.0000, -940.0000, 200.0000,  -912.0000, -859.0000, 200.0000,  0, 0, 240
L -912.0000, -859.0000, 200.0000,  -892.0000, -806.0000, 202.0000,  0, 0, 240
L -892.0000, -806.0000, 202.0000,  -901.0000, -732.0000, 201.0000,  0, 0, 240
L -901.0000, -732.0000, 201.0000,  -885.0000, -681.0000, 201.0000,  0, 0, 240
L -885.0000, -681.0000, 201.0000,  -890.0000, -636.0000, 200.0000,  0, 0, 240
L -890.0000, -636.0000, 200.0000,  -885.0000, -603.0000, 199.0000,  0, 0, 240
L -885.0000, -603.0000, 199.0000,  -904.0000, -544.0000, 200.0000,  0, 0, 240
L -904.0000, -544.0000, 200.0000,  -913.0000, -516.0000, 200.0000,  0, 0, 240
L -913.0000, -516.0000, 200.0000,  -913.0000, -452.0000, 199.0000,  0, 0, 240
L -913.0000, -452.0000, 199.0000,  -892.0000, -379.0000, 200.0000,  0, 0, 240
L -892.0000, -379.0000, 201.0000,  -895.0000, -305.0000, 201.0000,  0, 0, 240
L -895.0000, -305.0000, 201.0000,  -874.0000, -214.0000, 202.0000,  0, 0, 240
L -874.0000, -214.0000, 202.0000,  -857.0000, -179.0000, 199.0000,  0, 0, 240
L -857.0000, -179.0000, 199.0000,  -856.0000, -130.0000, 203.0000,  0, 0, 240
L -856.0000, -130.0000, 203.0000,  -899.0000, -52.0000, 201.0000,  0, 0, 240
L -899.0000, -52.0000, 201.0000,  -902.0000, -14.0000, 201.0000,  0, 0, 240
L -902.0000, -14.0000, 201.0000,  -912.0000, 28.0000, 191.0000,  0, 0, 240
L -912.0000, 29.0000, 191.0000,  -927.0000, 35.0000, 199.0000,  0, 0, 240
L -927.0000, 35.0000, 199.0000,  -963.0000, 51.0000, 202.0000,  0, 0, 240
L -963.0000, 51.0000, 202.0000,  -1031.0000, 98.0000, 202.0000,  0, 0, 240
L -1031.0000, 98.0000, 202.0000,  -1092.0000, 137.0000, 200.0000,  0, 0, 240
L -1092.0000, 137.0000, 200.0000,  -1155.0000, 171.0000, 201.0000,  0, 0, 240
L -1155.0000, 171.0000, 201.0000,  -1213.0000, 182.0000, 201.0000,  0, 0, 240
L -1213.0000, 182.0000, 201.0000,  -1255.0000, 206.0000, 202.0000,  0, 0, 240
L -1255.0000, 206.0000, 202.0000,  -1302.0000, 232.0000, 202.0000,  0, 0, 240
L -1302.0000, 232.0000, 202.0000,  -1338.0000, 266.0000, 201.0000,  0, 0, 240
L -1338.0000, 266.0000, 201.0000,  -1459.0000, 332.0000, 200.0000,  0, 0, 240
L -1459.0000, 332.0000, 200.0000,  -1481.0000, 383.0000, 201.0000,  0, 0, 240
L -1481.0000, 383.0000, 201.0000,  -1495.0000, 424.0000, 202.0000,  0, 0, 240
L -1495.0000, 424.0000, 202.0000,  -1540.0000, 461.0000, 200.0000,  0, 0, 240
L -1540.0000, 461.0000, 200.0000,  -1577.0000, 502.0000, 200.0000,  0, 0, 240
L -1577.0000, 502.0000, 200.0000,  -1599.0000, 544.0000, 198.0000,  0, 0, 240
L -1599.0000, 544.0000, 198.0000,  -1609.0000, 598.0000, 200.0000,  0, 0, 240
L -1609.0000, 598.0000, 200.0000,  -1623.0000, 646.0000, 200.0000,  0, 0, 240
L -1623.0000, 646.0000, 200.0000,  -1648.0000, 695.0000, 203.0000,  0, 0, 240
L -1648.0000, 696.0000, 203.0000,  -1675.0000, 745.0000, 198.0000,  0, 0, 240
L -1675.0000, 745.0000, 198.0000,  -1692.0000, 785.0000, 199.0000,  0, 0, 240
L -1692.0000, 785.0000, 199.0000,  -1704.0000, 825.0000, 200.0000,  0, 0, 240
L -1704.0000, 825.0000, 200.0000,  -1712.0000, 861.0000, 191.0000,  0, 0, 240
L -1712.0000, 861.0000, 191.0000,  -1734.0000, 877.0000, 185.0000,  0, 0, 240
L -1734.0000, 877.0000, 185.0000,  -1755.0000, 882.0000, 196.0000,  0, 0, 240
L -645.0000, -47.0000, 198.0000,  -630.0000, -2.0000, 197.0000,  0, 0, 240
L -630.0000, -2.0000, 195.0000,  -617.0000, 23.0000, 196.0000,  0, 0, 240
L -617.0000, 23.0000, 196.0000,  -610.0000, 44.0000, 191.0000,  0, 0, 240
L -610.0000, 44.0000, 191.0000,  -584.0000, 66.0000, 197.0000,  0, 0, 240
L -584.0000, 66.0000, 197.0000,  -517.0000, 130.0000, 199.0000,  0, 0, 240
L -517.0000, 130.0000, 189.0000,  -493.0000, 138.0000, 196.0000,  0, 0, 240
L -493.0000, 138.0000, 196.0000,  -454.0000, 157.0000, 197.0000,  0, 0, 240
L -454.0000, 157.0000, 198.0000,  -135.0000, 275.0000, 199.0000,  0, 0, 240
L -135.0000, 275.0000, 198.0000,  -14.0000, 387.0000, 198.0000,  0, 0, 240
L -14.0000, 387.0000, 198.0000,  -11.0000, 398.0000, 200.0000,  0, 0, 240
L -11.0000, 398.0000, 200.0000,  11.0000, 411.0000, 198.0000,  0, 0, 240
L 11.0000, 411.0000, 198.0000,  75.0000, 473.0000, 198.0000,  0, 0, 240
L 75.0000, 473.0000, 198.0000,  147.0000, 558.0000, 199.0000,  0, 0, 240
L 147.0000, 558.0000, 199.0000,  188.0000, 609.0000, 196.0000,  0, 0, 240
L 189.0000, 609.0000, 196.0000,  285.0000, 705.0000, 198.0000,  0, 0, 240
L 352.0000, 795.0000, 200.0000,  352.0000, 795.0000, 200.0000,  0, 0, 240
L 285.0000, 705.0000, 200.0000,  408.0000, 869.0000, 197.0000,  0, 0, 240
L 408.0000, 869.0000, 197.0000,  385.0000, 888.0000, 190.0000,  0, 0, 240
L 385.0000, 888.0000, 189.0000,  383.0000, 900.0000, 184.0000,  0, 0, 240
L 383.0000, 900.0000, 184.0000,  395.0000, 939.0000, 192.0000,  0, 0, 240
L 395.0000, 939.0000, 192.0000,  424.0000, 954.0000, 193.0000,  0, 0, 240
L 424.0000, 954.0000, 193.0000,  453.0000, 951.0000, 197.0000,  0, 0, 240
L 453.0000, 951.0000, 197.0000,  533.0000, 1139.0000, 199.0000,  0, 0, 240
L 533.0000, 1139.0000, 199.0000,  579.0000, 1274.0000, 198.0000,  0, 0, 240
L 579.0000, 1274.0000, 198.0000,  626.0000, 1371.0000, 198.0000,  0, 0, 240
L 627.0000, 1371.0000, 198.0000,  669.0000, 1428.0000, 198.0000,  0, 0, 240
L 669.0000, 1428.0000, 198.0000,  701.0000, 1454.0000, 198.0000,  0, 0, 240
L 701.0000, 1454.0000, 198.0000,  753.0000, 1472.0000, 198.0000,  0, 0, 240
L 753.0000, 1472.0000, 198.0000,  808.0000, 1473.0000, 198.0000,  0, 0, 240
L 808.0000, 1473.0000, 198.0000,  863.0000, 1461.0000, 197.0000,  0, 0, 240
L 863.0000, 1461.0000, 197.0000,  915.0000, 1443.0000, 197.0000,  0, 0, 240
L 915.0000, 1443.0000, 197.0000,  988.0000, 1412.0000, 199.0000,  0, 0, 240
L 988.0000, 1412.0000, 199.0000,  1122.0000, 1350.0000, 199.0000,  0, 0, 240
L 1123.0000, 1350.0000, 199.0000,  1170.0000, 1322.0000, 198.0000,  0, 0, 240
L 1170.0000, 1322.0000, 198.0000,  1205.0000, 1297.0000, 198.0000,  0, 0, 240
L 1205.0000, 1297.0000, 198.0000,  1240.0000, 1261.0000, 196.0000,  0, 0, 240
L 1240.0000, 1261.0000, 196.0000,  1270.0000, 1213.0000, 199.0000,  0, 0, 240
L 1270.0000, 1213.0000, 199.0000,  1284.0000, 1170.0000, 200.0000,  0, 0, 240
L 1284.0000, 1170.0000, 200.0000,  1298.0000, 1074.0000, 200.0000,  0, 0, 240
L 1298.0000, 1074.0000, 199.0000,  1272.0000, 955.0000, 199.0000,  0, 0, 240
L 1272.0000, 955.0000, 199.0000,  1259.0000, 915.0000, 199.0000,  0, 0, 240
L 1259.0000, 915.0000, 199.0000,  1232.0000, 864.0000, 199.0000,  0, 0, 240
L 1232.0000, 864.0000, 199.0000,  1205.0000, 817.0000, 198.0000,  0, 0, 240
L 1205.0000, 817.0000, 198.0000,  1191.0000, 753.0000, 199.0000,  0, 0, 240
L 1191.0000, 753.0000, 199.0000,  1208.0000, 689.0000, 198.0000,  0, 0, 240
L 1208.0000, 689.0000, 198.0000,  1235.0000, 649.0000, 199.0000,  0, 0, 240
L 1235.0000, 649.0000, 199.0000,  1254.0000, 596.0000, 198.0000,  0, 0, 240
L 1254.0000, 596.0000, 198.0000,  1259.0000, 545.0000, 197.0000,  0, 0, 240
L 1259.0000, 545.0000, 197.0000,  1273.0000, 520.0000, 198.0000,  0, 0, 240
L 1273.0000, 520.0000, 198.0000,  1282.0000, 476.0000, 197.0000,  0, 0, 240
L 1282.0000, 476.0000, 197.0000,  1272.0000, 259.0000, 197.0000,  0, 0, 240
L 1272.0000, 259.0000, 197.0000,  1263.0000, 207.0000, 198.0000,  0, 0, 240
L 1263.0000, 207.0000, 198.0000,  1253.0000, 148.0000, 198.0000,  0, 0, 240
L 1253.0000, 148.0000, 198.0000,  1297.0000, 131.0000, 194.0000,  0, 0, 240
L 1297.0000, 131.0000, 194.0000,  1287.0000, 88.0000, 195.0000,  0, 0, 240
L 1287.0000, 87.0000, 195.0000,  1255.0000, 67.0000, 195.0000,  0, 0, 240
L 1255.0000, 67.0000, 195.0000,  1255.0000, 33.0000, 198.0000,  0, 0, 240
L 1255.0000, 33.0000, 198.0000,  1265.0000, 7.0000, 195.0000,  0, 0, 240
L 1265.0000, 6.0000, 195.0000,  1255.0000, -11.0000, 198.0000,  0, 0, 240
L 1255.0000, -11.0000, 198.0000,  1250.0000, -88.0000, 199.0000,  0, 0, 240
L 1250.0000, -88.0000, 199.0000,  1261.0000, -116.0000, 201.0000,  0, 0, 240
L 1261.0000, -116.0000, 201.0000,  1272.0000, -148.0000, 199.0000,  0, 0, 240
L 1272.0000, -148.0000, 199.0000,  1285.0000, -172.0000, 202.0000,  0, 0, 240
L 1285.0000, -172.0000, 202.0000,  1297.0000, -196.0000, 200.0000,  0, 0, 240
L 1297.0000, -196.0000, 200.0000,  1331.0000, -327.0000, 199.0000,  0, 0, 240
L 1332.0000, -412.0000, 199.0000,  1332.0000, -412.0000, 199.0000,  0, 0, 240
L 1331.0000, -327.0000, 199.0000,  1334.0000, -570.0000, 198.0000,  0, 0, 240
L 1334.0000, -570.0000, 198.0000,  1329.0000, -598.0000, 199.0000,  0, 0, 240
L 1329.0000, -598.0000, 199.0000,  1316.0000, -625.0000, 198.0000,  0, 0, 240
L 1316.0000, -625.0000, 198.0000,  1306.0000, -663.0000, 199.0000,  0, 0, 240
L 1306.0000, -663.0000, 199.0000,  1272.0000, -700.0000, 199.0000,  0, 0, 240
L 1271.0000, -700.0000, 199.0000,  1240.0000, -716.0000, 198.0000,  0, 0, 240
L 1240.0000, -716.0000, 198.0000,  1083.0000, -700.0000, 197.0000,  0, 0, 240
L 1083.0000, -700.0000, 197.0000,  1028.0000, -697.0000, 198.0000,  0, 0, 240
L 1028.0000, -697.0000, 198.0000,  983.0000, -677.0000, 197.0000,  0, 0, 240
L 983.0000, -677.0000, 197.0000,  937.0000, -657.0000, 198.0000,  0, 0, 240
L 937.0000, -657.0000, 198.0000,  868.0000, -656.0000, 198.0000,  0, 0, 240
L 868.0000, -656.0000, 198.0000,  822.0000, -647.0000, 197.0000,  0, 0, 240
L 822.0000, -647.0000, 197.0000,  767.0000, -651.0000, 199.0000,  0, 0, 240
L 767.0000, -651.0000, 199.0000,  721.0000, -658.0000, 197.0000,  0, 0, 240
L 721.0000, -658.0000, 197.0000,  665.0000, -683.0000, 199.0000,  0, 0, 240
L 665.0000, -683.0000, 199.0000,  587.0000, -730.0000, 198.0000,  0, 0, 240
L 587.0000, -730.0000, 198.0000,  453.0000, -790.0000, 196.0000,  0, 0, 240
L 453.0000, -790.0000, 199.0000,  271.0000, -835.0000, 198.0000,  0, 0, 240
L 271.0000, -835.0000, 198.0000,  118.0000, -862.0000, 196.0000,  0, 0, 240
L 118.0000, -862.0000, 196.0000,  17.0000, -852.0000, 198.0000,  0, 0, 240
L 17.0000, -852.0000, 198.0000,  -25.0000, -847.0000, 196.0000,  0, 0, 240
L -25.0000, -847.0000, 196.0000,  -100.0000, -849.0000, 198.0000,  0, 0, 240
L -100.0000, -849.0000, 198.0000,  -343.0000, -866.0000, 197.0000,  0, 0, 240
L -343.0000, -866.0000, 198.0000,  -481.0000, -872.0000, 194.0000,  0, 0, 240
L -481.0000, -872.0000, 194.0000,  -509.0000, -887.0000, 192.0000,  0, 0, 240
L -509.0000, -887.0000, 191.0000,  -542.0000, -885.0000, 194.0000,  0, 0, 240
L -542.0000, -885.0000, 194.0000,  -568.0000, -864.0000, 196.0000,  0, 0, 240
L -595.0000, -830.0000, 199.0000,  -568.0000, -864.0000, 193.0000,  0, 0, 240
L -595.0000, -830.0000, 199.0000,  -628.0000, -797.0000, 196.0000,  0, 0, 240
L -628.0000, -797.0000, 196.0000,  -651.0000, -764.0000, 193.0000,  0, 0, 240
L -651.0000, -764.0000, 192.0000,  -659.0000, -727.0000, 196.0000,  0, 0, 240
L -659.0000, -727.0000, 196.0000,  -667.0000, -662.0000, 196.0000,  0, 0, 240
L -667.0000, -662.0000, 196.0000,  -671.0000, -554.0000, 199.0000,  0, 0, 240
L -671.0000, -554.0000, 199.0000,  -670.0000, -476.0000, 199.0000,  0, 0, 240
L -670.0000, -476.0000, 199.0000,  -671.0000, -420.0000, 197.0000,  0, 0, 240
L -671.0000, -420.0000, 197.0000,  -673.0000, -359.0000, 198.0000,  0, 0, 240
L -673.0000, -359.0000, 198.0000,  -675.0000, -346.0000, 199.0000,  0, 0, 240
L -675.0000, -346.0000, 199.0000,  -675.0000, -272.0000, 196.0000,  0, 0, 240
L -675.0000, -272.0000, 196.0000,  -674.0000, -189.0000, 197.0000,  0, 0, 240
L -674.0000, -189.0000, 197.0000,  -653.0000, -72.0000, 198.0000,  0, 0, 240
L -653.0000, -72.0000, 198.0000,  -645.0000, -47.0000, 197.0000,  0, 0, 240
L -374.0000, -704.0000, 562.0000,  -377.0000, -820.0000, 563.0000,  0, 0, 0
L -377.0000, -820.0000, 563.0000,  -451.0000, -819.0000, 563.0000,  0, 0, 0
L -451.0000, -819.0000, 563.0000,  -454.0000, -715.0000, 563.0000,  0, 0, 0
L -545.0000, -302.0000, 541.0000,  -589.0000, -304.0000, 541.0000,  0, 0, 0
L -589.0000, -304.0000, 541.0000,  -595.0000, -356.0000, 541.0000,  0, 0, 0
L -595.0000, -356.0000, 541.0000,  -628.0000, -615.0000, 413.0000,  0, 0, 0
L -507.0000, -357.0000, 561.0000,  -545.0000, -357.0000, 541.0000,  0, 0, 0
L -545.0000, -357.0000, 541.0000,  -589.0000, -615.0000, 413.0000,  0, 0, 0
L -589.0000, -615.0000, 413.0000,  -589.0000, -693.0000, 413.0000,  0, 0, 0
L -589.0000, -693.0000, 413.0000,  -628.0000, -695.0000, 413.0000,  0, 0, 0
L -628.0000, -695.0000, 413.0000,  -759.0000, -696.0000, 379.0000,  127, 127, 127
L -759.0000, -696.0000, 379.0000,  -1021.0000, -696.0000, 413.0000,  127, 127, 127
L -628.0000, -615.0000, 413.0000,  -798.0000, -619.0000, 375.0000,  127, 127, 127
L -798.0000, -619.0000, 375.0000,  -1020.0000, -619.0000, 412.0000,  127, 127, 127
L -1020.0000, -619.0000, 413.0000,  -1032.0000, -601.0000, 413.0000,  0, 0, 0
L -1032.0000, -601.0000, 413.0000,  -1063.0000, -572.0000, 413.0000,  0, 0, 0
L -1063.0000, -572.0000, 413.0000,  -1110.0000, -558.0000, 413.0000,  0, 0, 0
L -1110.0000, -558.0000, 413.0000,  -1120.0000, -560.0000, 413.0000,  0, 0, 0
L -1120.0000, -560.0000, 413.0000,  -1197.0000, -426.0000, 376.0000,  127, 127, 127
L -1197.0000, -426.0000, 376.0000,  -1315.0000, -219.0000, 413.0000,  127, 127, 127
L -1315.0000, -219.0000, 413.0000,  -1268.0000, -187.0000, 392.0000,  0, 0, 0
L -1268.0000, -187.0000, 392.0000,  -1234.0000, -161.0000, 392.0000,  0, 0, 0
L -1234.0000, -161.0000, 392.0000,  -1296.0000, -69.0000, 392.0000,  0, 0, 0
L -1296.0000, -69.0000, 392.0000,  -1336.0000, -96.0000, 392.0000,  0, 0, 0
L -1336.0000, -96.0000, 392.0000,  -1374.0000, -127.0000, 411.0000,  0, 0, 0
L -1374.0000, -127.0000, 411.0000,  -1392.0000, -159.0000, 413.0000,  0, 0, 0
L -1392.0000, -159.0000, 413.0000,  -1429.0000, -186.0000, 413.0000,  0, 0, 0
L -1429.0000, -186.0000, 413.0000,  -1383.0000, -257.0000, 413.0000,  0, 0, 0
L -1383.0000, -257.0000, 413.0000,  -1305.0000, -392.0000, 376.0000,  127, 127, 127
L -1305.0000, -392.0000, 376.0000,  -1187.0000, -599.0000, 413.0000,  127, 127, 127
L -1187.0000, -599.0000, 413.0000,  -1194.0000, -608.0000, 413.0000,  0, 0, 0
L -1194.0000, -608.0000, 413.0000,  -1206.0000, -655.0000, 413.0000,  0, 0, 0
L -1206.0000, -655.0000, 413.0000,  -1193.0000, -705.0000, 413.0000,  0, 0, 0
L -1193.0000, -705.0000, 413.0000,  -1158.0000, -739.0000, 413.0000,  0, 0, 0
L -1158.0000, -739.0000, 413.0000,  -1109.0000, -751.0000, 413.0000,  0, 0, 0
L -1109.0000, -751.0000, 413.0000,  -1061.0000, -738.0000, 413.0000,  0, 0, 0
L -1061.0000, -738.0000, 413.0000,  -1021.0000, -696.0000, 413.0000,  0, 0, 0
L -1099.0000, -705.0000, 411.0000,  -1105.0000, -718.0000, 411.0000,  0, 0, 0
L -1105.0000, -718.0000, 411.0000,  -1171.0000, -690.0000, 411.0000,  0, 0, 0
L -1171.0000, -690.0000, 411.0000,  -1167.0000, -674.0000, 411.0000,  0, 0, 0
L -1167.0000, -674.0000, 411.0000,  -1172.0000, -673.0000, 411.0000,  0, 0, 0
L -1172.0000, -673.0000, 411.0000,  -1156.0000, -637.0000, 411.0000,  0, 0, 0
L -1156.0000, -637.0000, 411.0000,  -1151.0000, -638.0000, 411.0000,  0, 0, 0
L -1144.0000, -625.0000, 411.0000,  -1120.0000, -637.0000, 411.0000,  0, 0, 0
L -1120.0000, -637.0000, 411.0000,  -1124.0000, -647.0000, 411.0000,  0, 0, 0
L -1124.0000, -647.0000, 411.0000,  -1138.0000, -642.0000, 411.0000,  0, 0, 0
L -1138.0000, -642.0000, 411.0000,  -1155.0000, -682.0000, 411.0000,  0, 0, 0
L -1155.0000, -682.0000, 411.0000,  -1113.0000, -701.0000, 411.0000,  0, 0, 0
L -1113.0000, -701.0000, 411.0000,  -1095.0000, -661.0000, 411.0000,  0, 0, 0
L -1095.0000, -661.0000, 411.0000,  -1109.0000, -653.0000, 411.0000,  0, 0, 0
L -1109.0000, -653.0000, 411.0000,  -1096.0000, -643.0000, 411.0000,  0, 0, 0
L -1096.0000, -643.0000, 411.0000,  -1078.0000, -655.0000, 411.0000,  0, 0, 0
L -1078.0000, -655.0000, 411.0000,  -1083.0000, -668.0000, 411.0000,  0, 0, 0
L -1083.0000, -668.0000, 411.0000,  -1079.0000, -673.0000, 411.0000,  0, 0, 0
L -1079.0000, -673.0000, 411.0000,  -1095.0000, -706.0000, 411.0000,  0, 0, 0
L -1095.0000, -706.0000, 411.0000,  -1099.0000, -705.0000, 411.0000,  0, 0, 0
L -1144.0000, -625.0000, 411.0000,  -1151.0000, -638.0000, 411.0000,  0, 0, 0
L -1184.0000, -436.0000, 303.0000,  -1162.0000, -428.0000, 303.0000,  0, 0, 240
L -1162.0000, -428.0000, 303.0000,  -1150.0000, -413.0000, 302.0000,  0, 0, 240
L -1150.0000, -413.0000, 302.0000,  -1145.0000, -396.0000, 302.0000,  0, 0, 240
L -1145.0000, -396.0000, 302.0000,  -1113.0000, -350.0000, 301.0000,  0, 0, 240
L -1113.0000, -350.0000, 301.0000,  -1091.0000, -315.0000, 302.0000,  0, 0, 240
L -1091.0000, -315.0000, 302.0000,  -1096.0000, -291.0000, 302.0000,  0, 0, 240
L -1096.0000, -291.0000, 302.0000,  -1138.0000, -265.0000, 302.0000,  0, 0, 240
L -1138.0000, -265.0000, 302.0000,  -1143.0000, -236.0000, 302.0000,  0, 0, 240
L -1143.0000, -236.0000, 302.0000,  -1132.0000, -215.0000, 302.0000,  0, 0, 240
L -1132.0000, -215.0000, 302.0000,  -1125.0000, -197.0000, 302.0000,  0, 0, 240
L -1125.0000, -197.0000, 302.0000,  -1106.0000, -175.0000, 302.0000,  0, 0, 240
L -1106.0000, -175.0000, 302.0000,  -1098.0000, -155.0000, 302.0000,  0, 0, 240
L -1098.0000, -155.0000, 302.0000,  -1110.0000, -137.0000, 301.0000,  0, 0, 240
L -1110.0000, -137.0000, 301.0000,  -1162.0000, -123.0000, 301.0000,  0, 0, 240
L -1162.0000, -123.0000, 301.0000,  -1221.0000, -139.0000, 300.0000,  0, 0, 240
L -1221.0000, -139.0000, 300.0000,  -1244.0000, -143.0000, 300.0000,  0, 0, 240
L -1244.0000, -143.0000, 300.0000,  -1288.0000, -174.0000, 301.0000,  0, 0, 240
L -1288.0000, -174.0000, 301.0000,  -1285.0000, -199.0000, 302.0000,  0, 0, 240
L -1285.0000, -199.0000, 302.0000,  -1299.0000, -214.0000, 302.0000,  0, 0, 240
L -1299.0000, -214.0000, 302.0000,  -1338.0000, -217.0000, 302.0000,  0, 0, 240
L -1338.0000, -217.0000, 302.0000,  -1382.0000, -242.0000, 302.0000,  0, 0, 240
L -1382.0000, -242.0000, 302.0000,  -1398.0000, -263.0000, 303.0000,  0, 0, 240
L -1398.0000, -263.0000, 303.0000,  -1391.0000, -281.0000, 302.0000,  0, 0, 240
L -1391.0000, -281.0000, 302.0000,  -1379.0000, -295.0000, 303.0000,  0, 0, 240
L -1379.0000, -295.0000, 303.0000,  -1358.0000, -291.0000, 302.0000,  0, 0, 240
L -1358.0000, -291.0000, 302.0000,  -1323.0000, -278.0000, 301.0000,  0, 0, 240
L -1323.0000, -278.0000, 301.0000,  -1301.0000, -282.0000, 302.0000,  0, 0, 240
L -1301.0000, -282.0000, 302.0000,  -1281.0000, -299.0000, 301.0000,  0, 0, 240
L -1281.0000, -299.0000, 301.0000,  -1262.0000, -313.0000, 302.0000,  0, 0, 240
L -1262.0000, -313.0000, 302.0000,  -1240.0000, -312.0000, 302.0000,  0, 0, 240
L -1240.0000, -312.0000, 302.0000,  -1213.0000, -327.0000, 301.0000,  0, 0, 240
L -1213.0000, -327.0000, 301.0000,  -1198.0000, -355.0000, 301.0000,  0, 0, 240
L -1198.0000, -355.0000, 301.0000,  -1192.0000, -378.0000, 302.0000,  0, 0, 240
L -1192.0000, -378.0000, 302.0000,  -1193.0000, -398.0000, 302.0000,  0, 0, 240
L -1193.0000, -398.0000, 302.0000,  -1203.0000, -423.0000, 303.0000,  0, 0, 240
L -1203.0000, -423.0000, 303.0000,  -1184.0000, -436.0000, 302.0000,  0, 0, 240
L -1096.0000, -963.0000, 351.0000,  -1171.0000, -1069.0000, 464.0000,  0, 0, 0
L -1171.0000, -1069.0000, 464.0000,  -1179.0000, -1029.0000, 468.0000,  0, 0, 0
L -1179.0000, -1029.0000, 468.0000,  -1214.0000, -1038.0000, 468.0000,  0, 0, 0
L -1214.0000, -1038.0000, 468.0000,  -1252.0000, -1011.0000, 469.0000,  0, 0, 0
L -1252.0000, -1011.0000, 469.0000,  -1351.0000, -943.0000, 518.0000,  0, 0, 0
L -1351.0000, -943.0000, 518.0000,  -1385.0000, -919.0000, 518.0000,  0, 0, 0
L -1385.0000, -919.0000, 518.0000,  -1391.0000, -882.0000, 518.0000,  0, 0, 0
L -1391.0000, -882.0000, 518.0000,  -1429.0000, -888.0000, 518.0000,  0, 0, 0
L -1429.0000, -888.0000, 518.0000,  -1464.0000, -864.0000, 518.0000,  0, 0, 0
L -1464.0000, -864.0000, 518.0000,  -1488.0000, -900.0000, 518.0000,  0, 0, 0
L -1488.0000, -900.0000, 518.0000,  -1523.0000, -905.0000, 518.0000,  0, 0, 0
L -1522.0000, -905.0000, 518.0000,  -1522.0000, -905.0000, 518.0000,  0, 0, 0
L -240.0000, -120.0000, 703.0000,  -217.0000, -168.0000, 703.0000,  0, 0, 0
L -217.0000, -168.0000, 703.0000,  -239.0000, -178.0000, 703.0000,  0, 0, 0
L -239.0000, -178.0000, 703.0000,  -262.0000, -135.0000, 703.0000,  0, 0, 0
L -262.0000, -135.0000, 703.0000,  -240.0000, -120.0000, 703.0000,  0, 0, 0
L 298.0000, -134.0000, 516.0000,  402.0000, -132.0000, 516.0000,  0, 0, 0
L 402.0000, -132.0000, 516.0000,  506.0000, -132.0000, 490.0000,  0, 0, 0
L 506.0000, -132.0000, 490.0000,  524.0000, -137.0000, 483.0000,  0, 0, 0
L 524.0000, -137.0000, 483.0000,  541.0000, -151.0000, 474.0000,  0, 0, 0
L 541.0000, -151.0000, 474.0000,  548.0000, -164.0000, 469.0000,  0, 0, 0
L 548.0000, -164.0000, 469.0000,  547.0000, -378.0000, 414.0000,  0, 0, 0
L 547.0000, -378.0000, 414.0000,  551.0000, -400.0000, 410.0000,  0, 0, 0
L 551.0000, -400.0000, 410.0000,  562.0000, -423.0000, 406.0000,  0, 0, 0
L 562.0000, -423.0000, 406.0000,  576.0000, -438.0000, 402.0000,  0, 0, 0
L 576.0000, -438.0000, 402.0000,  594.0000, -449.0000, 398.0000,  0, 0, 0
L 594.0000, -449.0000, 398.0000,  602.0000, -454.0000, 396.0000,  0, 0, 0
L 602.0000, -454.0000, 396.0000,  623.0000, -462.0000, 383.0000,  0, 0, 0
L 623.0000, -462.0000, 383.0000,  647.0000, -464.0000, 379.0000,  0, 0, 0
L 647.0000, -464.0000, 379.0000,  669.0000, -457.0000, 376.0000,  0, 0, 0
L 669.0000, -457.0000, 376.0000,  680.0000, -451.0000, 374.0000,  0, 0, 0
L 680.0000, -451.0000, 374.0000,  692.0000, -442.0000, 371.0000,  0, 0, 0
L 692.0000, -442.0000, 371.0000,  697.0000, -431.0000, 376.0000,  0, 0, 0
L 697.0000, -431.0000, 376.0000,  716.0000, -394.0000, 370.0000,  0, 0, 0
L 716.0000, -394.0000, 370.0000,  719.0000, -378.0000, 366.0000,  0, 0, 0
L 719.0000, -378.0000, 366.0000,  718.0000, -174.0000, 316.0000,  0, 0, 0
L 718.0000, -174.0000, 316.0000,  723.0000, -157.0000, 308.0000,  0, 0, 0
L 723.0000, -157.0000, 308.0000,  732.0000, -145.0000, 303.0000,  0, 0, 0
L 732.0000, -145.0000, 303.0000,  747.0000, -133.0000, 296.0000,  0, 0, 0
L 747.0000, -133.0000, 296.0000,  763.0000, -133.0000, 290.0000,  0, 0, 0
L 763.0000, -133.0000, 290.0000,  775.0000, -137.0000, 284.0000,  0, 0, 0
L 795.0000, -94.0000, 285.0000,  779.0000, -88.0000, 286.0000,  0, 0, 0
L 779.0000, -88.0000, 286.0000,  762.0000, -86.0000, 290.0000,  0, 0, 0
L 762.0000, -86.0000, 290.0000,  744.0000, -87.0000, 294.0000,  0, 0, 0
L 744.0000, -87.0000, 294.0000,  719.0000, -99.0000, 298.0000,  0, 0, 0
L 719.0000, -99.0000, 298.0000,  701.0000, -109.0000, 302.0000,  0, 0, 0
L 701.0000, -109.0000, 302.0000,  684.0000, -130.0000, 306.0000,  0, 0, 0
L 684.0000, -130.0000, 306.0000,  678.0000, -149.0000, 310.0000,  0, 0, 0
L 678.0000, -149.0000, 310.0000,  674.0000, -165.0000, 314.0000,  0, 0, 0
L 674.0000, -165.0000, 314.0000,  675.0000, -377.0000, 366.0000,  0, 0, 0
L 675.0000, -377.0000, 366.0000,  670.0000, -393.0000, 374.0000,  0, 0, 0
L 670.0000, -393.0000, 374.0000,  666.0000, -400.0000, 376.0000,  0, 0, 0
L 666.0000, -400.0000, 376.0000,  658.0000, -412.0000, 376.0000,  0, 0, 0
L 658.0000, -412.0000, 376.0000,  642.0000, -418.0000, 381.0000,  0, 0, 0
L 642.0000, -418.0000, 381.0000,  624.0000, -418.0000, 389.0000,  0, 0, 0
L 624.0000, -418.0000, 389.0000,  614.0000, -416.0000, 393.0000,  0, 0, 0
L 614.0000, -416.0000, 393.0000,  607.0000, -409.0000, 400.0000,  0, 0, 0
L 607.0000, -409.0000, 400.0000,  597.0000, -394.0000, 407.0000,  0, 0, 0
L 597.0000, -394.0000, 407.0000,  593.0000, -382.0000, 412.0000,  0, 0, 0
L 593.0000, -382.0000, 412.0000,  592.0000, -374.0000, 415.0000,  0, 0, 0
L 592.0000, -374.0000, 415.0000,  590.0000, -176.0000, 464.0000,  0, 0, 0
L 590.0000, -176.0000, 464.0000,  590.0000, -163.0000, 468.0000,  0, 0, 0
L 590.0000, -163.0000, 468.0000,  581.0000, -139.0000, 472.0000,  0, 0, 0
L 581.0000, -139.0000, 472.0000,  566.0000, -136.0000, 474.0000,  0, 0, 0
L 566.0000, -136.0000, 474.0000,  546.0000, -129.0000, 478.0000,  0, 0, 0
L 546.0000, -129.0000, 478.0000,  541.0000, -123.0000, 479.0000,  0, 0, 0
L 541.0000, -123.0000, 479.0000,  537.0000, -116.0000, 482.0000,  0, 0, 0
L 537.0000, -116.0000, 482.0000,  534.0000, -96.0000, 484.0000,  0, 0, 0
L 534.0000, -96.0000, 484.0000,  525.0000, -91.0000, 486.0000,  0, 0, 0
L 525.0000, -91.0000, 486.0000,  519.0000, -90.0000, 488.0000,  0, 0, 0
L 519.0000, -90.0000, 488.0000,  404.0000, -86.0000, 516.0000,  0, 0, 0
L 404.0000, -86.0000, 516.0000,  317.0000, -86.0000, 516.0000,  0, 0, 0
L 875.0000, 1143.0000, 488.0000,  909.0000, 1130.0000, 526.0000,  0, 0, 0
L 909.0000, 1130.0000, 526.0000,  946.0000, 1118.0000, 550.0000,  0, 0, 0
L 946.0000, 1118.0000, 551.0000,  955.0000, 1107.0000, 554.0000,  0, 0, 0
L 955.0000, 1107.0000, 554.0000,  995.0000, 1073.0000, 555.0000,  0, 0, 0
L 1070.0000, 1253.0000, 555.0000,  1024.0000, 1261.0000, 555.0000,  0, 0, 0
L 1024.0000, 1261.0000, 555.0000,  975.0000, 1244.0000, 555.0000,  0, 0, 0
L 975.0000, 1244.0000, 555.0000,  942.0000, 1206.0000, 555.0000,  0, 0, 0
L 942.0000, 1206.0000, 555.0000,  966.0000, 1194.0000, 553.0000,  0, 0, 0
L 966.0000, 1194.0000, 553.0000,  927.0000, 1203.0000, 519.0000,  0, 0, 0
L 927.0000, 1203.0000, 519.0000,  924.0000, 1206.0000, 517.0000,  0, 0, 0
L -1273.0000, -1045.0000, 468.0000,  -1373.0000, -975.0000, 518.0000,  0, 0, 0
L -1373.0000, -975.0000, 518.0000,  -1368.0000, -1012.0000, 518.0000,  0, 0, 0
L -1368.0000, -1012.0000, 518.0000,  -1406.0000, -1024.0000, 518.0000,  0, 0, 0
L -1406.0000, -1024.0000, 518.0000,  -1307.0000, -1093.0000, 468.0000,  0, 0, 0
L -1307.0000, -1093.0000, 468.0000,  -1311.0000, -1056.0000, 468.0000,  0, 0, 0
L -1311.0000, -1056.0000, 468.0000,  -1273.0000, -1045.0000, 468.0000,  0, 0, 0
L -454.0000, -1382.0000, 563.0000,  -452.0000, -1216.0000, 563.0000,  0, 0, 0
L -452.0000, -1216.0000, 563.0000,  -380.0000, -1216.0000, 563.0000,  0, 0, 0
L -380.0000, -1216.0000, 563.0000,  -376.0000, -1382.0000, 563.0000,  0, 0, 0
L -376.0000, -1382.0000, 563.0000,  -454.0000, -1382.0000, 563.0000,  0, 0, 0
L -245.0000, -1639.0000, 600.0000,  -123.0000, -1638.0000, 600.0000,  127, 127, 127
L 4.0000, -1667.0000, 601.0000,  17.0000, -1643.0000, 601.0000,  127, 127, 127
L 17.0000, -1643.0000, 601.0000,  18.0000, -1618.0000, 590.0000,  127, 127, 127
L 18.0000, -1618.0000, 590.0000,  26.0000, -1596.0000, 578.0000,  127, 127, 127
L 26.0000, -1596.0000, 578.0000,  27.0000, -1576.0000, 568.0000,  127, 127, 127
L 27.0000, -1576.0000, 568.0000,  17.0000, -1544.0000, 553.0000,  127, 127, 127
L 17.0000, -1544.0000, 553.0000,  30.0000, -1518.0000, 553.0000,  127, 127, 127
L 30.0000, -1518.0000, 553.0000,  36.0000, -1506.0000, 553.0000,  127, 127, 127
L 36.0000, -1506.0000, 553.0000,  50.0000, -1499.0000, 553.0000,  127, 127, 127
L 50.0000, -1499.0000, 553.0000,  55.0000, -1491.0000, 553.0000,  127, 127, 127
L 55.0000, -1491.0000, 553.0000,  65.0000, -1484.0000, 553.0000,  127, 127, 127
L 65.0000, -1484.0000, 553.0000,  24.0000, -1467.0000, 544.0000,  127, 127, 127
L 24.0000, -1467.0000, 544.0000,  -4.0000, -1459.0000, 541.0000,  127, 127, 127
L -4.0000, -1459.0000, 541.0000,  -40.0000, -1444.0000, 533.0000,  127, 127, 127
L -40.0000, -1444.0000, 533.0000,  -58.0000, -1434.0000, 528.0000,  127, 127, 127
L -58.0000, -1434.0000, 528.0000,  -86.0000, -1410.0000, 516.0000,  127, 127, 127
L -86.0000, -1410.0000, 516.0000,  -99.0000, -1409.0000, 515.0000,  127, 127, 127
L -99.0000, -1409.0000, 515.0000,  -116.0000, -1412.0000, 517.0000,  127, 127, 127
L -116.0000, -1412.0000, 517.0000,  -149.0000, -1432.0000, 526.0000,  127, 127, 127
L -149.0000, -1432.0000, 526.0000,  -195.0000, -1449.0000, 535.0000,  127, 127, 127
L -195.0000, -1449.0000, 535.0000,  -257.0000, -1464.0000, 543.0000,  127, 127, 127
L -257.0000, -1464.0000, 543.0000,  -293.0000, -1451.0000, 536.0000,  127, 127, 127
L -293.0000, -1451.0000, 536.0000,  -318.0000, -1452.0000, 537.0000,  127, 127, 127
L -318.0000, -1452.0000, 537.0000,  -332.0000, -1463.0000, 542.0000,  127, 127, 127
L -332.0000, -1463.0000, 542.0000,  -345.0000, -1483.0000, 552.0000,  127, 127, 127
L -345.0000, -1483.0000, 552.0000,  -331.0000, -1500.0000, 554.0000,  127, 127, 127
L -331.0000, -1500.0000, 554.0000,  -303.0000, -1510.0000, 553.0000,  127, 127, 127
L -303.0000, -1510.0000, 553.0000,  -260.0000, -1542.0000, 553.0000,  127, 127, 127
L -260.0000, -1542.0000, 553.0000,  -252.0000, -1577.0000, 570.0000,  127, 127, 127
L -252.0000, -1577.0000, 570.0000,  -270.0000, -1591.0000, 577.0000,  127, 127, 127
L -258.0000, -1546.0000, 554.0000,  17.0000, -1545.0000, 553.0000,  127, 127, 127
L 19.0000, -1639.0000, 601.0000,  2.0000, -1639.0000, 600.0000,  127, 127, 127
L 64.0000, -1483.0000, 552.0000,  -344.0000, -1483.0000, 552.0000,  127, 127, 127
L -57.0000, -1181.0000, 384.0000,  -50.0000, -1142.0000, 383.0000,  0, 0, 0
L -50.0000, -1142.0000, 383.0000,  151.0000, -1113.0000, 383.0000,  0, 0, 0
L 151.0000, -1113.0000, 383.0000,  165.0000, -1059.0000, 383.0000,  0, 0, 0
L 165.0000, -1059.0000, 383.0000,  203.0000, -1021.0000, 383.0000,  0, 0, 0
L 203.0000, -1021.0000, 383.0000,  253.0000, -1009.0000, 383.0000,  0, 0, 0
L 253.0000, -1009.0000, 383.0000,  304.0000, -1022.0000, 383.0000,  0, 0, 0
L 304.0000, -1022.0000, 383.0000,  343.0000, -1060.0000, 383.0000,  0, 0, 0
L 343.0000, -1060.0000, 383.0000,  357.0000, -1110.0000, 383.0000,  0, 0, 0
L 357.0000, -1110.0000, 383.0000,  400.0000, -1119.0000, 383.0000,  0, 0, 0
L 400.0000, -1119.0000, 383.0000,  366.0000, -1140.0000, 379.0000,  0, 0, 0
L 366.0000, -1140.0000, 379.0000,  356.0000, -1156.0000, 380.0000,  0, 0, 0
L 356.0000, -1156.0000, 380.0000,  344.0000, -1196.0000, 380.0000,  0, 0, 0
L 344.0000, -1196.0000, 380.0000,  332.0000, -1220.0000, 380.0000,  0, 0, 0
L 332.0000, -1220.0000, 380.0000,  330.0000, -1243.0000, 379.0000,  0, 0, 0
L 330.0000, -1243.0000, 379.0000,  348.0000, -1278.0000, 380.0000,  0, 0, 0
L 348.0000, -1278.0000, 380.0000,  346.0000, -1299.0000, 380.0000,  0, 0, 0
L 346.0000, -1299.0000, 380.0000,  323.0000, -1322.0000, 379.0000,  0, 0, 0
L 323.0000, -1322.0000, 379.0000,  298.0000, -1343.0000, 380.0000,  0, 0, 0
L 298.0000, -1343.0000, 380.0000,  277.0000, -1347.0000, 379.0000,  0, 0, 0
L 277.0000, -1347.0000, 379.0000,  254.0000, -1338.0000, 380.0000,  0, 0, 0
L 254.0000, -1338.0000, 380.0000,  235.0000, -1309.0000, 379.0000,  0, 0, 0
L 235.0000, -1309.0000, 379.0000,  217.0000, -1279.0000, 379.0000,  0, 0, 0
L 217.0000, -1279.0000, 379.0000,  173.0000, -1257.0000, 380.0000,  0, 0, 0
L 173.0000, -1257.0000, 380.0000,  136.0000, -1250.0000, 382.0000,  0, 0, 0
L 136.0000, -1250.0000, 382.0000,  100.0000, -1256.0000, 380.0000,  0, 0, 0
L 100.0000, -1256.0000, 380.0000,  76.0000, -1250.0000, 382.0000,  0, 0, 0
L 76.0000, -1250.0000, 382.0000,  49.0000, -1221.0000, 381.0000,  0, 0, 0
L 49.0000, -1221.0000, 381.0000,  31.0000, -1203.0000, 379.0000,  0, 0, 0
L 31.0000, -1203.0000, 379.0000,  -7.0000, -1197.0000, 380.0000,  0, 0, 0
L -7.0000, -1197.0000, 380.0000,  -57.0000, -1181.0000, 383.0000,  0, 0, 0
L 152.0000, -1112.0000, 383.0000,  168.0000, -1162.0000, 383.0000,  0, 0, 0
L 168.0000, -1162.0000, 383.0000,  203.0000, -1198.0000, 383.0000,  0, 0, 0
L 203.0000, -1198.0000, 383.0000,  252.0000, -1210.0000, 379.0000,  0, 0, 0
L 252.0000, -1210.0000, 379.0000,  303.0000, -1198.0000, 383.0000,  0, 0, 0
L 303.0000, -1198.0000, 383.0000,  340.0000, -1162.0000, 383.0000,  0, 0, 0
L 340.0000, -1162.0000, 383.0000,  355.0000, -1105.0000, 383.0000,  0, 0, 0
L 354.0000, -1110.0000, 383.0000,  354.0000, -1110.0000, 383.0000,  0, 0, 0
L 306.0000, -1116.0000, 337.0000,  298.0000, -1138.0000, 336.0000,  0, 0, 0
L 298.0000, -1138.0000, 336.0000,  277.0000, -1157.0000, 336.0000,  0, 0, 0
L 277.0000, -1157.0000, 336.0000,  253.0000, -1163.0000, 336.0000,  0, 0, 0
L 253.0000, -1163.0000, 336.0000,  227.0000, -1155.0000, 335.0000,  0, 0, 0
L 227.0000, -1155.0000, 335.0000,  206.0000, -1136.0000, 337.0000,  0, 0, 0
L 206.0000, -1136.0000, 337.0000,  203.0000, -1111.0000, 335.0000,  0, 0, 0
L 203.0000, -1111.0000, 335.0000,  208.0000, -1084.0000, 336.0000,  0, 0, 0
L 208.0000, -1084.0000, 336.0000,  229.0000, -1064.0000, 337.0000,  0, 0, 0
L 229.0000, -1064.0000, 337.0000,  255.0000, -1058.0000, 336.0000,  0, 0, 0
L 255.0000, -1058.0000, 336.0000,  282.0000, -1067.0000, 336.0000,  0, 0, 0
L 282.0000, -1067.0000, 336.0000,  299.0000, -1085.0000, 336.0000,  0, 0, 0
L 299.0000, -1085.0000, 336.0000,  306.0000, -1116.0000, 336.0000,  0, 0, 0
L 347.0000, -1107.0000, 310.0000,  276.0000, -1121.0000, 242.0000,  0, 0, 0
L 276.0000, -1121.0000, 242.0000,  196.0000, -1138.0000, 212.0000,  0, 0, 0
L 196.0000, -1138.0000, 212.0000,  97.0000, -1118.0000, 226.0000,  0, 0, 0
L 97.0000, -1118.0000, 226.0000,  98.0000, -1117.0000, 224.0000,  0, 0, 0
L -118.0000, -1751.0000, 618.0000,  -141.0000, -1782.0000, 575.0000,  0, 0, 0
L -141.0000, -1782.0000, 575.0000,  -114.0000, -1815.0000, 550.0000,  0, 0, 0
L -114.0000, -1815.0000, 550.0000,  -99.0000, -1827.0000, 550.0000,  0, 0, 0
L -99.0000, -1827.0000, 550.0000,  -72.0000, -1834.0000, 551.0000,  0, 0, 0
L -72.0000, -1834.0000, 551.0000,  -32.0000, -1825.0000, 550.0000,  0, 0, 0
L -32.0000, -1825.0000, 550.0000,  -14.0000, -1844.0000, 549.0000,  0, 0, 0
L -14.0000, -1844.0000, 549.0000,  2.0000, -1872.0000, 553.0000,  0, 0, 0
L 2.0000, -1872.0000, 553.0000,  -17.0000, -1882.0000, 550.0000,  0, 0, 0
L -17.0000, -1882.0000, 550.0000,  -20.0000, -1898.0000, 547.0000,  0, 0, 0
L -20.0000, -1898.0000, 547.0000,  -14.0000, -1913.0000, 546.0000,  0, 0, 0
L -14.0000, -1913.0000, 546.0000,  -8.0000, -1919.0000, 548.0000,  0, 0, 0
L -8.0000, -1919.0000, 548.0000,  6.0000, -1958.0000, 550.0000,  0, 0, 0
L 6.0000, -1958.0000, 550.0000,  -13.0000, -2007.0000, 550.0000,  0, 0, 0
L -13.0000, -2007.0000, 550.0000,  -17.0000, -2031.0000, 553.0000,  0, 0, 0
L -17.0000, -2031.0000, 553.0000,  -6.0000, -2063.0000, 550.0000,  0, 0, 0
L -6.0000, -2063.0000, 550.0000,  -19.0000, -2074.0000, 550.0000,  0, 0, 0
L -19.0000, -2074.0000, 550.0000,  -19.0000, -2045.0000, 551.0000,  0, 0, 0
L -19.0000, -2045.0000, 551.0000,  -38.0000, -2041.0000, 549.0000,  0, 0, 0
L -38.0000, -2041.0000, 549.0000,  -64.0000, -2059.0000, 547.0000,  0, 0, 0
L -64.0000, -2059.0000, 547.0000,  -57.0000, -2077.0000, 547.0000,  0, 0, 0
L -57.0000, -2077.0000, 547.0000,  -33.0000, -2090.0000, 550.0000,  0, 0, 0
L -33.0000, -2090.0000, 550.0000,  -72.0000, -2083.0000, 552.0000,  0, 0, 0
L -72.0000, -2083.0000, 552.0000,  -99.0000, -2081.0000, 550.0000,  0, 0, 0
L -99.0000, -2081.0000, 550.0000,  -123.0000, -2084.0000, 553.0000,  0, 0, 0
L -123.0000, -2084.0000, 553.0000,  -158.0000, -2090.0000, 550.0000,  0, 0, 0
P -1541.5219, -1148.6404, 529.1860,  0, 0, 0,  2,  Kod_Taz_stone
P -1061.9232, -312.0875, 324.8276,  0, 0, 0,  2,  turtle_pond
P 1557.0000, 853.0000, 236.3333,  0, 0, 0,  1,  Succor_point
P -106.0000, -2069.0000, 547.0000,  0, 0, 0,  2,  Zone_to_Qinimi
P -176.0000, -1517.0000, 553.0000,  0, 0, 0,  2,  Zone-in
P 1032.0000, 1172.0000, 553.0000,  0, 0, 0,  2,  Wayfaring_Scout
P -262.9569, -116.9515, 698.7774,  0, 0, 0,  2,  Indurmer
P 1471.2466, 896.9399, 211.8909,  0, 0, 0,  2,  distilled_salts_ground_spawn?
P -1598.5353, 532.0907, 204.2049,  0, 0, 0,  2,  Trenzar_=_ranger_epic
