P 1557.0000, 853.0000, 239.7438,  0, 0, 0,  2,  Wayfarer_camp
P -110.6412, -2061.8706, 546.2825,  0, 0, 0,  2,  To_quinimi
P -1223.1373, -247.2457, 305.8806,  0, 0, 0,  2,  Turtle__Pond
P -933.1179, -1246.2430, 367.1066,  0, 0, 0,  2,  Hynids
P -1545.4408, -1146.9763, 528.8303,  0, 0, 0,  2,  Runed_Stone
P 914.0040, -329.4331, 310.2557,  0, 0, 0,  2,  Restless_spirits
P 1342.6660, 920.9506, 211.9574,  0, 0, 0,  2,  Boat_To/From_Abysmal_
P 1597.8506, 691.0438, 246.3683,  0, 0, 0,  2,  Magus
P 200.0368, -1227.6385, 391.5661,  0, 0, 0,  2,  Noc_and_Mastruq
P -267.7865, -173.5124, 700.7745,  0, 0, 0,  2,  Runed_Stone
