P -1522.3446, -691.4487, 75.8922,  240, 0, 0,  3,  Shipwright's_Station
P -2934.6426, -589.3159, 61.8585,  240, 0, 0,  3,  Centre_Boat_Hull
P -2918.8730, -351.5707, 83.2727,  240, 0, 0,  3,  South_Boat_Hull
P -2745.1707, -781.7299, 85.2001,  240, 0, 0,  3,  North_Boat_Hull
P 1293.0547, -1001.5332, 249.8880,  240, 0, 0,  3,  Waterfalls
P -956.8909, -1535.8453, 113.0409,  240, 0, 0,  3,  Waterfalls
P -2641.4902, -314.6670, 48.5440,  240, 0, 0,  3,  Dock
P -2739.0530, -997.9706, 48.5440,  240, 0, 0,  3,  Dock
P -1539.3998, -1056.6401, 78.7828,  0, 0, 240,  3,  Wayfarer_Camp
P 331.8255, -926.2073, 63.2556,  0, 0, 240,  3,  Boatworks
P 167.8694, -1370.8564, 70.1057,  0, 0, 240,  3,  Blacksmithy
P 1735.5676, 134.3350, 253.6572,  0, 0, 240,  3,  Zone_In/Out
P 473.6472, -1460.4401, 98.4622,  0, 0, 240,  3,  Bear_Caves
P 730.4122, -927.7406, 212.8927,  240, 0, 0,  3,  Waterfall
P 811.5010, -1233.1260, 194.6922,  240, 0, 0,  3,  Blue_Line_Denotes_Cliff
