P 2590.5181, -6056.1074, 0.4793,  0, 0, 240,  1,  Translocator
P 1345.4110, -6884.2290, 28.5008,  0, 0, 0,  3,  Missions
P 1918.1877, -5275.0806, 31.7706,  0, 0, 240,  2,  South_Desert_of_Ro
P 2392.4646, -5217.9194, 31.3335,  0, 0, 240,  2,  South_Desert_of_Ro
P 1334.0891, -5274.3926, 42.9299,  0, 0, 240,  2,  South_Desert_of_Ro
P 509.9960, -5198.2124, 106.5084,  0, 0, 240,  2,  South_Desert_of_Ro
P 49.0000, -6782.0000, -57.2701,  0, 0, 240,  2,  East_Commonlands
P 1277.0874, -9725.3984, 19.2376,  0, 0, 240,  2,  East_Freeport
P 1534.2429, -5198.8228, 26.8236,  0, 0, 240,  2,  South_Desert_of_Ro
P 571.8863, -9699.3203, -2.1590,  0, 0, 240,  2,  Freeport_Sewers
P 1478.1232, -6368.4897, 7.5360,  0, 0, 240,  1,  Dervishes
