P -1363, 1476, 0, 255, 255, 255, 2, Dervs
P -164, 1876, 0, 255, 255, 255, 2, S._Ro
P 236, 1345, 0, 255, 255, 255, 2, Merchants
P 679, 1806, 0, 255, 255, 255, 2, Orcs
P 65, 784, 0, 255, 255, 255, 2, Deepwater_Goblins
P -14, -547, 0, 255, 255, 255, 2, Gypsies
P -1322, -1461, 0, 255, 255, 255, 2, Orcs
P -1120, 926, 0, 255, 255, 255, 2, Dervs
P -438, 373, 0, 255, 255, 255, 2, Spectres
P 818, -887, 0, 255, 255, 255, 2, Docks
P 1173, -1569, 0, 255, 255, 255, 2, From_Timerous
P 1333, -255, 0, 255, 255, 255, 2, To_Timerous
P -520, -2417, 0, 255, 255, 255, 2, N._Ro
P -904, -490, 0, 255, 255, 255, 2, Succor_Point
P -1421, -679, 5,  240, 0, 0,  3,  LDoN_Trap_Door
P -874, -935, -59,  240, 0, 0,  3,  LDoN_Quicksand
