P -33.5219, -0.2160, -38.3344,  0, 0, 0,  2,  Chaunna_Graice_(guild_tribute)
P -131.6412, 871.8433, -160.9981,  0, 0, 0,  3,  (Nektolus_forest,_lavastorm)
P -915.4619, -1.2508, 249.3701,  0, 0, 0,  2,  Magician_Spells
P -751.0419, 345.9901, -95.9990,  0, 240, 240,  1,  soda
P 55.4826, 223.5742, -160.9990,  0, 240, 0,  3,  Soulbinder
P -443.9327, 898.5483, -155.9990,  0, 0, 0,  1,  (Ferrott)
P -1530.3666, -57.5260, -127.9990,  240, 0, 0,  3,  Merc:_Cel_Solv,_Bat_Wings,_Pearl
P -1335.0000, 368.0000, -128.9990,  0, 0, 0,  3,  Druid_Landing
P 300.0000, 0.0000, 0.0000,  255, 255, 255,  2,  Succor_Point
P -1400.0000, 300.0000, 0.0000,  255, 255, 255,  2,  Wizard_Landing
P 217.6005, 38.4418, -159.9990,  240, 0, 0,  2,  Seer_Mal_Nae'Shi
P -132.8105, -900.3868, -155.9990,  0, 0, 0,  3,  Everfrost
P -1405.1227, 115.2531, -111.9979,  240, 0, 0,  1,  Poison_Vial
P 172.6302, 341.1186, -159.9980,  0, 0, 0,  2,  Gram_Dunnar_(planar_aa_-i_will_tell_you_stories)
P -567.5529, -48.7307, 2.3112,  240, 0, 0,  2,  Priest_of_Dischord
P -35.8078, -570.4454, -159.9979,  0, 0, 0,  2,  Toxx_forest
