P -1209.2488, -764.0012, -157.4979,  0, 0, 0,  3,  _Gukta_(rathe_mountains)
P -141.4140, 462.0529, -156.1250,  0, 0, 0,  3,  The_Arena_Portal
P -1374.3936, 330.8816, -126.9971,  0, 0, 0,  3,  Guild_Lobby
P -1414.5393, -297.7448, -121.1508,  0, 0, 0,  3,  Bazaar
P -1103.1152, -94.3473, 33.1260,  0, 0, 0,  3,  Magician_Spells
P -1097.8195, -107.1686, -30.8740,  0, 0, 0,  3,  Cleric_Spells
P -1060.9542, -70.2880, 67.1260,  0, 0, 0,  3,  Paladin_Spells
P -1098.3618, 107.8267, 97.1260,  0, 0, 0,  3,  Beastlord_Spells
P -849.7123, -3.5154, 67.1260,  0, 0, 0,  3,  Ranger_Spells
P -744.7737, 67.4637, -92.8740,  0, 0, 0,  3,  Shadow_Knight_Spells
P -744.0900, -56.7048, -92.8740,  0, 0, 0,  3,  Necromancer_Spells
P -916.0211, -51.7012, -60.8740,  0, 0, 0,  3,  Bard_Songs
P -1057.8345, 74.5949, -60.8740,  0, 0, 0,  3,  Enchanter_Spells
P -870.5960, 35.3674, -60.8740,  0, 0, 0,  3,  Wizard_Spells
P -1057.1649, 66.2309, 3.1260,  0, 0, 0,  3,  Druid_Spells
P -878.0216, -81.8908, 3.1260,  0, 0, 0,  3,  Shaman_Spells
P -494.6064, 372.9781, -124.8740,  0, 0, 0,  3,  Smithing_Merchants
P -435.2235, 399.9995, -124.8740,  0, 0, 0,  3,  Forge
P -477.4495, 399.7218, -124.8740,  0, 0, 0,  3,  Forge
P -558.1107, 446.6616, -124.8740,  0, 0, 0,  3,  Smithing_Merchants
P -561.7799, 420.9374, -124.8740,  0, 0, 0,  3,  Forge
P -1228.0598, -908.6672, -146.1131,  0, 0, 0,  3,  Rivervale_Portal
P -883.5174, -908.4700, -146.1129,  0, 0, 0,  3,  Kelethin_Portal
P -475.1781, -908.5505, -146.0131,  0, 0, 0,  3,  Kaladim_Portal
P -131.5346, -908.1936, -144.7456,  0, 0, 0,  3,  Halas_Portal
P -37.0862, -811.9752, -144.7456,  0, 0, 0,  3,  Felwithe_Portal
P -35.4255, -594.3065, -144.7460,  0, 0, 0,  3,  Erudin_Portal
P 76.8985, -461.0365, -148.0457,  0, 0, 0,  3,  The_Nexus_Portal
P 236.0999, -459.5183, -145.6189,  0, 0, 0,  3,  The_Great_Divide_Portal
P 332.1894, -362.3066, -147.9964,  0, 0, 0,  3,  Shar_Vahl_Portal
P 331.3456, -147.1922, -146.2450,  0, 0, 0,  3,  Qeynos_Portal
P 76.7898, 460.5893, -145.5367,  0, 0, 0,  3,  Ak`Anon_Portal
P 236.1437, 460.8839, -147.9740,  0, 0, 0,  3,  Freeport_Portal
P 331.6949, 364.5278, -145.1402,  0, 0, 0,  3,  Firiona_Vie_Portal
P 332.2204, 146.3952, -147.9451,  0, 0, 0,  3,  Tranquility_Portal
P -1227.7764, 908.0455, -136.4523,  0, 0, 0,  3,  Paineel_Portal
P -884.0564, 908.4092, -140.0547,  0, 0, 0,  3,  Overthere_Portal
P -443.8889, 907.7031, -140.3904,  0, 0, 0,  3,  Oggok_Portal
P -131.7733, 909.7616, -140.5182,  0, 0, 0,  3,  Neriak_Portal
P -35.1078, 812.7420, -140.6409,  0, 0, 0,  3,  Gukta_Portal
P -36.3326, 596.1461, -139.4686,  0, 0, 0,  3,  Cabilis_Portal
P -308.9935, 829.0000, -155.6238,  0, 0, 0,  3,  Salkith_(GM_Enchanter)
P -268.0000, 877.0000, -156.2458,  0, 0, 0,  3,  Vesthin_(GM_Necromancer)
P -249.0000, 831.0000, -156.2446,  0, 0, 0,  3,  Deidus_(GM_Magician)
P -554.0000, 832.0059, -152.2488,  0, 0, 0,  3,  Vohar_(GM_Monk)
P -660.0000, 783.0031, -110.2488,  0, 0, 0,  3,  Mirot_(GM_Rogue)
P -604.0000, 808.0017, -110.2489,  0, 0, 0,  3,  Dreavud_(GM_Shadow_Knight)
P -549.0000, 792.0025, -110.2487,  0, 0, 0,  3,  Balek_(GM_Shaman)
P -548.0000, 857.0036, -110.2488,  0, 0, 0,  3,  Skriek_(GM_Warrior)
P -604.0000, 846.0000, -110.2490,  0, 0, 0,  3,  Dwev_(GM_Beastlord)
P -545.0009, 825.0000, -110.2489,  0, 0, 0,  3,  Gligoth_(GM_Warrior)
P -1116.9816, 852.0000, -156.2489,  0, 0, 0,  3,  Elikor_(GM_Cleric)
P -1056.9712, 800.0000, -156.2489,  0, 0, 0,  3,  Guwan_(GM_Shaman)
P -999.0000, 665.0000, -80.2476,  0, 0, 0,  3,  Priest_of_Discord
P 68.0017, 352.0017, -156.2489,  0, 0, 0,  3,  Etherat_(GM_Beastlord)
P 8.0000, 291.0000, -156.2460,  0, 0, 0,  3,  Maeth_(GM_Shaman)
P 230.0000, 325.0000, -156.2489,  0, 0, 0,  3,  Vasil_(GM_Cleric)
P 216.0026, 89.0026, -156.2489,  0, 0, 0,  3,  Mirao_(Alchemy)
P 169.0021, 119.0021, -156.2489,  0, 0, 0,  3,  Ferin_(Merchant)
P 228.0107, -190.0000, -156.2488,  0, 0, 0,  3,  Legilwan_(GM_Bard)
P 193.0123, -326.0000, -152.2488,  0, 0, 0,  3,  Elwysaie_(GM_Ranger)
P -42.9875, -424.0000, -155.6238,  0, 0, 0,  3,  Tairon_(GM_Enchanter)
P -84.9850, -450.0000, -151.6238,  0, 0, 0,  3,  Kerynth_(GM_Wizard)
P -275.0000, -103.0000, -123.6225,  0, 0, 0,  3,  Brewing_Merchants
P -323.0000, -44.0000, -123.6222,  0, 0, 0,  3,  Smithing_Merchants
P -325.0000, 55.0000, -123.6240,  0, 0, 0,  3,  Bemli_(Pottery)
P -325.0000, 78.0162, -123.5772,  0, 0, 0,  3,  Noirin_(Jewelry)
P -274.9942, 103.0042, -123.6239,  0, 0, 0,  3,  Baking_Merchants
P -196.9690, -10.6460, -123.6240,  0, 0, 0,  3,  Brew_Barrel
P -266.7571, -89.4667, -123.6240,  0, 0, 0,  3,  Brew_Barrel
P -265.0577, 88.9665, -123.6240,  0, 0, 0,  3,  Oven
P -484.0000, -432.0000, -123.6222,  0, 0, 0,  3,  Granger_(Bank)
P -484.0000, -447.0000, -123.6221,  0, 0, 0,  3,  Ceridan_(Bank)
P -989.3795, -373.8947, -91.6240,  0, 0, 0,  3,  Kiln
P -1068.0229, -426.9316, -99.5578,  0, 0, 0,  3,  Smithing_Merchants
P -842.0000, -408.0000, -91.6240,  0, 0, 0,  3,  Nelin_(Tinkerer)
P -864.0000, -388.0000, -91.6240,  0, 0, 0,  3,  Gligo_(Pottery)
P -945.0000, -394.0000, -91.6223,  0, 0, 0,  3,  Elisha_(Pottery)
P -819.8562, -335.3420, -91.6240,  0, 0, 0,  3,  Kiln
P -798.9948, -338.5779, -91.6240,  0, 0, 0,  3,  Pottery_Wheel
P -769.0928, -406.4038, -91.6240,  0, 0, 0,  3,  Jewelcraft_Merchants
P -998.4105, -354.8999, -91.6240,  0, 0, 0,  3,  Pottery_Wheel
P -1476.3224, -143.3953, -123.6240,  0, 0, 0,  3,  Tailoring_Merchants
P -1441.2360, -96.5902, -107.6240,  0, 0, 0,  3,  Forge
P -1421.9691, -117.5841, -107.6240,  0, 0, 0,  3,  Smithing_Merchants
P -1376.5283, -47.1045, -107.6240,  0, 0, 0,  3,  Smithing_Merchants
P -1378.1807, 46.2408, -107.6240,  0, 0, 0,  3,  Alchemy_Merchants
P -1422.9594, 112.9094, -107.5643,  0, 0, 0,  3,  Poison_Merchants
P -1476.3541, 142.7613, -123.6240,  0, 0, 0,  3,  Fletching_Merchants
P -944.0000, 305.0000, -91.6240,  0, 0, 0,  3,  Dogle_(Bank)
P -801.0000, 295.0043, -91.5577,  0, 0, 0,  3,  Amile_(Merchant)
P -752.0000, 343.0000, -91.6240,  0, 0, 0,  3,  Caden_(Merchant)
P -542.6605, 385.9622, -89.5447,  0, 0, 0,  3,  Tinkerer_Merchants
P -1226.3668, 748.2592, -156.1284,  0, 0, 0,  3,  Gunthak_Portal
P 157.5488, -59.1857, -156.8613,  0, 0, 0,  3,  Crescent_Reach
