P 1406.0000, 489.0000, -909.9990,  0, 0, 0,  3,  Rataga_(Merchant)
P 1543.0000, -878.0000, -894.5489,  0, 0, 0,  3,  Paumil_(Banker)
P 1558.0000, -878.0000, -894.5489,  0, 0, 0,  3,  Domri_(Banker)
P 1573.0000, -878.0000, -894.5489,  0, 0, 0,  3,  Taisika_(Banker)
P 1631.0000, -768.0000, -894.4672,  0, 0, 0,  3,  Derith_(Soulbinder)
P 1752.0000, -886.0000, -894.4174,  0, 0, 0,  3,  Aelisian_(Jewelry)
P 1896.0000, -672.0000, -911.0187,  0, 0, 0,  3,  Parija_(Merchant)
P 1889.0000, -734.0000, -911.0187,  0, 0, 0,  3,  Adrania_(Merchant)
P 1847.0000, -627.0000, -911.0187,  0, 0, 0,  3,  Gregory_(Potions)
P 1637.0000, -583.0000, -914.2323,  0, 0, 0,  3,  Jimmik_(Merchant)
P 1621.0000, -583.0000, -914.2323,  0, 0, 0,  3,  Jasir_(Merchant)
P 1716.0000, -479.0000, -914.2323,  0, 0, 0,  3,  Aliia_(Merchant)
P 1719.0000, -512.0000, -914.2323,  0, 0, 0,  3,  Samusk_(Merchant)
P 1434.4059, -762.2823, -879.2855,  0, 0, 0,  3,  Knowledge_Portal
