P -1139.4329, 689.8234, -929.3813,  0, 0, 0,  1,  Plane_of_Storms
P 0.7807, 1550.0557, -906.8867,  0, 0, 0,  3,  Plane_of_Innovation
P 1435.2483, -1725.3007, -792.3915,  0, 0, 0,  3,  Plane_of_Disease
P 683.7313, -836.5384, -615.2177,  0, 0, 0,  3,  Plane_of_Air
P 631.6650, -29.2543, -517.3883,  0, 0, 0,  3,  Plane_of_Justice
P 1113.5933, -1909.3306, -888.1641,  0, 0, 0,  3,  Crypt_of_Decay
P 2121.9563, -256.5385, -930.5302,  0, 0, 0,  3,  Plane_of_Fire
P 1294.0183, 181.1643, -912.0419,  0, 0, 0,  3,  Plane_of_Nightmare
P -1238.5825, 2250.4490, -905.7120,  0, 0, 0,  3,  Plane_of_Time
P -2205.7798, 1329.3795, -713.2698,  0, 0, 0,  3,  Plane_of_Earth
P -1.2623, 227.4417, -616.6096,  0, 0, 0,  2,  Plane_of_Valor_(55+)
P -26.9308, 201.3514, -616.6014,  0, 0, 0,  2,  Sol_Ro
P -17.4881, 166.7925, -616.8186,  0, 0, 0,  2,  Halls_of_Honor_(62+)
P 19.1948, 156.8920, -616.7433,  0, 0, 0,  2,  Plane_of_Tactics
P -1791.2549, 690.3992, -928.0078,  0, 0, 0,  2,  Bastion_of_Thunder_(62+)
P 1651.3091, -702.4446, -911.0857,  0, 0, 0,  3,  Plane_of_Torment
P -1005.2469, 1179.9362, -776.2664,  0, 0, 0,  2,  Plane_of_Water
P 1477.4403, -695.9838, -874.0341,  0, 0, 0,  1,  locked_and_youre_not_holding_the_key
