L 1673.7495, 5175.7695, -310.1169,  1672.3525, 5018.0039, -311.1370,  240, 127, 0
L 1515.3224, 5093.4312, -311.1169,  1512.9250, 5019.5269, -310.6169,  240, 127, 0
L 1672.3525, 5018.0039, -311.1169,  1512.9250, 5019.5269, -310.6169,  240, 127, 0
L 2900.0000, 5150.0000, -310.0000,  3170.0000, 5075.0000, -310.0000,  1, 240, 0
L 3170.0000, 5075.0000, -310.0000,  3245.0000, 4805.0000, -310.0000,  1, 240, 0
L 3245.0000, 4805.0000, -310.0000,  3320.0000, 5075.0000, -310.0000,  1, 240, 0
L 3320.0000, 5075.0000, -310.0000,  3590.0000, 5150.0000, -310.0000,  240, 1, 0
L 3590.0000, 5150.0000, -310.0000,  3320.0000, 5225.0000, -310.0000,  240, 1, 0
L 3320.0000, 5225.0000, -310.0000,  3245.0000, 5495.0000, -310.0000,  240, 1, 0
L 3245.0000, 5495.0000, -310.0000,  3170.0000, 5225.0000, -310.0000,  240, 1, 0
L 3170.0000, 5225.0000, -310.0000,  2900.0000, 5150.0000, -310.0000,  1, 240, 0
L 3300.0000, 5588.0000, -310.0000,  3264.0000, 5552.0000, -310.0000,  1, 240, 240
L 3264.0000, 5552.0000, -310.0000,  3227.0000, 5552.0000, -310.0000,  1, 240, 240
L 3227.0000, 5552.0000, -310.0000,  3191.0000, 5588.0000, -310.0000,  1, 240, 240
L 3191.0000, 5588.0000, -310.0000,  3191.0000, 5624.0000, -310.0000,  1, 240, 240
L 3191.0000, 5624.0000, -310.0000,  3227.0000, 5660.0000, -310.0000,  1, 240, 240
L 3227.0000, 5660.0000, -310.0000,  3264.0000, 5660.0000, -310.0000,  1, 240, 240
L 3264.0000, 5660.0000, -310.0000,  3300.0000, 5696.0000, -310.0000,  1, 240, 240
L 3300.0000, 5696.0000, -310.0000,  3300.0000, 5732.0000, -310.0000,  1, 240, 240
L 3300.0000, 5732.0000, -310.0000,  3264.0000, 5768.0000, -310.0000,  1, 240, 240
L 3264.0000, 5768.0000, -310.0000,  3227.0000, 5768.0000, -310.0000,  1, 240, 240
L 3227.0000, 5768.0000, -310.0000,  3191.0000, 5732.0000, -310.0000,  1, 240, 240
L 3300.0000, 4533.0000, -310.0000,  3300.0000, 4749.0000, -310.0000,  1, 240, 240
L 3300.0000, 4749.0000, -310.0000,  3191.0000, 4533.0000, -310.0000,  1, 240, 240
L 3191.0000, 4533.0000, -310.0000,  3191.0000, 4749.0000, -310.0000,  1, 240, 240
L 2723.0000, 5029.0000, -310.0000,  2763.0000, 5272.0000, -310.0000,  1, 240, 240
L 2763.0000, 5272.0000, -310.0000,  2783.0000, 5150.0000, -310.0000,  1, 240, 240
L 2783.0000, 5150.0000, -310.0000,  2804.0000, 5272.0000, -310.0000,  1, 240, 240
L 2804.0000, 5272.0000, -310.0000,  2844.0000, 5029.0000, -310.0000,  1, 240, 240
L 3647.0000, 5029.0000, -310.0000,  3647.0000, 5245.0000, -310.0000,  1, 240, 240
L 3647.0000, 5245.0000, -310.0000,  3755.0000, 5245.0000, -310.0000,  1, 240, 240
L 3647.0000, 5137.0000, -310.0000,  3719.0000, 5137.0000, -310.0000,  1, 240, 240
L 3647.0000, 5029.0000, -310.0000,  3755.0000, 5029.0000, -310.0000,  1, 240, 240
L 1653.0000, 5356.0000, -310.0000,  1654.0000, 5464.0000, -310.0000,  0, 0, 0
L 1654.0000, 5464.0000, -310.0000,  1484.0000, 5467.0000, -310.0000,  0, 0, 0
L 1484.0000, 5467.0000, -310.0000,  1441.0000, 5443.0000, -310.0000,  0, 0, 0
L 1441.0000, 5443.0000, -310.0000,  1398.0000, 5441.0000, -310.0000,  0, 0, 0
L 1398.0000, 5441.0000, -310.0000,  1408.0000, 5425.0000, -310.0000,  0, 0, 0
L 1408.0000, 5425.0000, -310.0000,  1404.0000, 5366.0000, -310.0000,  0, 0, 0
L 1404.0000, 5366.0000, -310.0000,  1382.0000, 5335.0000, -310.0000,  0, 0, 0
L 1382.0000, 5335.0000, -310.0000,  1338.0000, 5322.0000, -310.0000,  0, 0, 0
L 1338.0000, 5322.0000, -310.0000,  1285.0000, 5326.0000, -310.0000,  0, 0, 0
L 1285.0000, 5326.0000, -310.0000,  1243.0000, 5363.0000, -310.0000,  0, 0, 0
L 1243.0000, 5363.0000, -310.0000,  1217.0000, 5406.0000, -310.0000,  0, 0, 0
L 1217.0000, 5406.0000, -310.0000,  1232.0000, 5456.0000, -310.0000,  0, 0, 0
L 1232.0000, 5456.0000, -310.0000,  1277.0000, 5495.0000, -310.0000,  0, 0, 0
L 1277.0000, 5495.0000, -310.0000,  1330.0000, 5501.0000, -310.0000,  0, 0, 0
L 1330.0000, 5501.0000, -310.0000,  1369.0000, 5491.0000, -310.0000,  0, 0, 0
L 1369.0000, 5491.0000, -310.0000,  1393.0000, 5456.0000, -310.0000,  0, 0, 0
L 1393.0000, 5456.0000, -310.0000,  1414.0000, 5493.0000, -310.0000,  0, 0, 0
L 1414.0000, 5493.0000, -310.0000,  1469.0000, 5520.0000, -310.0000,  0, 0, 0
L 1469.0000, 5520.0000, -310.0000,  1559.0000, 5506.0000, -310.0000,  0, 0, 0
L 1559.0000, 5506.0000, -310.0000,  1558.0000, 5598.0000, -310.0000,  0, 0, 0
L 1558.0000, 5598.0000, -310.0000,  1602.0000, 5598.0000, -310.0000,  0, 0, 0
L 1602.0000, 5598.0000, -310.0000,  1602.0000, 5512.0000, -310.0000,  0, 0, 0
L 1602.0000, 5512.0000, -310.0000,  1701.0000, 5511.0000, -310.0000,  0, 0, 0
L 1701.0000, 5511.0000, -310.0000,  1700.0000, 5355.0000, -310.0000,  0, 0, 0
L 878.0000, 5380.0000, -310.0000,  707.0000, 5719.0000, -310.0000,  0, 0, 0
L 707.0000, 5719.0000, -310.0000,  560.0000, 5720.0000, -310.0000,  0, 0, 0
L 560.0000, 5720.0000, -310.0000,  302.0000, 5220.0000, -310.0000,  0, 0, 0
L 302.0000, 5220.0000, -310.0000,  93.0000, 5344.0000, -310.0000,  0, 0, 0
L 93.0000, 5344.0000, -310.0000,  27.0000, 5235.0000, -310.0000,  0, 0, 0
L 27.0000, 5235.0000, -310.0000,  -43.0000, 5272.0000, -310.0000,  0, 0, 0
L -43.0000, 5272.0000, -310.0000,  43.0000, 5416.0000, -310.0000,  0, 0, 0
L 43.0000, 5416.0000, -310.0000,  -74.0000, 5483.0000, -310.0000,  0, 0, 0
L -74.0000, 5483.0000, -310.0000,  47.0000, 5701.0000, -310.0000,  0, 0, 0
L 47.0000, 5701.0000, -310.0000,  165.0000, 5633.0000, -310.0000,  0, 0, 0
L 165.0000, 5633.0000, -310.0000,  195.0000, 5682.0000, -310.0000,  0, 0, 0
L 195.0000, 5682.0000, -310.0000,  25.0000, 5782.0000, -310.0000,  0, 0, 0
L 25.0000, 5782.0000, -310.0000,  -58.0000, 5643.0000, -310.0000,  0, 0, 0
L -58.0000, 5643.0000, -310.0000,  -134.0000, 5684.0000, -310.0000,  0, 0, 0
L -134.0000, 5684.0000, -310.0000,  -66.0000, 5796.0000, -310.0000,  0, 0, 0
L -66.0000, 5796.0000, -310.0000,  -243.0000, 5902.0000, -310.0000,  0, 0, 0
L -243.0000, 5902.0000, -310.0000,  -315.0000, 5783.0000, -310.0000,  0, 0, 0
L -315.0000, 5783.0000, -310.0000,  -581.0000, 5935.0000, -310.0000,  0, 0, 0
L -581.0000, 5935.0000, -310.0000,  -611.0000, 5882.0000, -310.0000,  0, 0, 0
L -611.0000, 5882.0000, -310.0000,  -413.0000, 5771.0000, -310.0000,  0, 0, 0
L -413.0000, 5771.0000, -310.0000,  -496.0000, 5639.0000, -310.0000,  0, 0, 0
L -496.0000, 5639.0000, -310.0000,  -383.0000, 5572.0000, -310.0000,  0, 0, 0
L -383.0000, 5572.0000, -310.0000,  -431.0000, 5492.0000, -310.0000,  0, 0, 0
L -431.0000, 5492.0000, -310.0000,  -554.0000, 5563.0000, -310.0000,  0, 0, 0
L -554.0000, 5563.0000, -310.0000,  -625.0000, 5444.0000, -310.0000,  0, 0, 0
L -625.0000, 5444.0000, -310.0000,  -574.0000, 5416.0000, -310.0000,  0, 0, 0
L -574.0000, 5416.0000, -310.0000,  -531.0000, 5487.0000, -310.0000,  0, 0, 0
L -531.0000, 5487.0000, -310.0000,  -405.0000, 5419.0000, -310.0000,  0, 0, 0
L -405.0000, 5419.0000, -310.0000,  -305.0000, 5593.0000, -310.0000,  0, 0, 0
L -305.0000, 5593.0000, -310.0000,  -417.0000, 5658.0000, -310.0000,  0, 0, 0
L -417.0000, 5658.0000, -310.0000,  -369.0000, 5741.0000, -310.0000,  0, 0, 0
L -369.0000, 5741.0000, -310.0000,  -290.0000, 5700.0000, -310.0000,  0, 0, 0
L -290.0000, 5700.0000, -310.0000,  -218.0000, 5822.0000, -310.0000,  0, 0, 0
L -218.0000, 5822.0000, -310.0000,  -149.0000, 5784.0000, -310.0000,  0, 0, 0
L -149.0000, 5784.0000, -310.0000,  -215.0000, 5672.0000, -310.0000,  0, 0, 0
L -215.0000, 5672.0000, -310.0000,  -74.0000, 5594.0000, -310.0000,  0, 0, 0
L -74.0000, 5594.0000, -310.0000,  -156.0000, 5457.0000, -310.0000,  0, 0, 0
L -156.0000, 5457.0000, -310.0000,  -43.0000, 5393.0000, -310.0000,  0, 0, 0
L -43.0000, 5393.0000, -310.0000,  -170.0000, 5154.0000, -310.0000,  0, 0, 0
L -170.0000, 5154.0000, -310.0000,  -224.0000, 5185.0000, -310.0000,  0, 0, 0
L -224.0000, 5185.0000, -310.0000,  -263.0000, 5194.0000, -310.0000,  0, 0, 0
L -263.0000, 5194.0000, -310.0000,  -247.0000, 5228.0000, -310.0000,  0, 0, 0
L -247.0000, 5228.0000, -310.0000,  -263.0000, 5288.0000, -310.0000,  0, 0, 0
L -263.0000, 5288.0000, -310.0000,  -327.0000, 5336.0000, -310.0000,  0, 0, 0
L -327.0000, 5336.0000, -310.0000,  -411.0000, 5310.0000, -310.0000,  0, 0, 0
L -411.0000, 5310.0000, -310.0000,  -450.0000, 5244.0000, -310.0000,  0, 0, 0
L -450.0000, 5244.0000, -310.0000,  -423.0000, 5168.0000, -310.0000,  0, 0, 0
L -423.0000, 5168.0000, -310.0000,  -361.0000, 5131.0000, -310.0000,  0, 0, 0
L -361.0000, 5131.0000, -310.0000,  -286.0000, 5148.0000, -310.0000,  0, 0, 0
L -286.0000, 5148.0000, -310.0000,  -274.0000, 5179.0000, -310.0000,  0, 0, 0
L -274.0000, 5179.0000, -310.0000,  -242.0000, 5142.0000, -310.0000,  0, 0, 0
L -242.0000, 5142.0000, -310.0000,  -11.0000, 5012.0000, -310.0000,  0, 0, 0
L -11.0000, 5012.0000, -310.0000,  11.0000, 5052.0000, -310.0000,  0, 0, 0
L 11.0000, 5052.0000, -310.0000,  -132.0000, 5134.0000, -310.0000,  0, 0, 0
L -132.0000, 5134.0000, -310.0000,  -77.0000, 5231.0000, -310.0000,  0, 0, 0
L -77.0000, 5231.0000, -310.0000,  51.0000, 5158.0000, -310.0000,  0, 0, 0
L 51.0000, 5158.0000, -310.0000,  113.0000, 5269.0000, -310.0000,  0, 0, 0
L 113.0000, 5269.0000, -310.0000,  282.0000, 5174.0000, -310.0000,  0, 0, 0
L 502.0000, 5362.0000, -310.0000,  603.0000, 5575.0000, -310.0000,  0, 0, 0
L 603.0000, 5575.0000, -310.0000,  655.0000, 5577.0000, -310.0000,  0, 0, 0
L 655.0000, 5577.0000, -310.0000,  759.0000, 5362.0000, -310.0000,  0, 0, 0
L 2530.0000, 3689.0000, -310.0000,  2369.0000, 3401.0000, -310.0000,  0, 0, 0
L 2746.0000, 3277.0000, -310.0000,  2530.0000, 3689.0000, -310.0000,  0, 0, 0
L 2465.0000, 3277.0000, -310.0000,  2746.0000, 3277.0000, -310.0000,  0, 0, 0
L 2465.0000, 3137.0000, -310.0000,  2465.0000, 3277.0000, -310.0000,  0, 0, 0
L 2369.0000, 3137.0000, -310.0000,  2465.0000, 3137.0000, -310.0000,  0, 0, 0
L 2369.0000, 3395.0000, -310.0000,  2369.0000, 3137.0000, -310.0000,  0, 0, 0
L 78.0000, 3733.0000, -310.0000,  44.0000, 3737.0000, -310.0000,  0, 0, 0
L 287.0000, 3828.0000, -310.0000,  78.0000, 3733.0000, -310.0000,  0, 0, 0
L 387.0000, 3918.0000, -310.0000,  287.0000, 3828.0000, -310.0000,  0, 0, 0
L 574.0000, 3917.0000, -310.0000,  387.0000, 3918.0000, -310.0000,  0, 0, 0
L 572.0000, 4122.0000, -310.0000,  574.0000, 3917.0000, -310.0000,  0, 0, 0
L 471.0000, 4123.0000, -310.0000,  572.0000, 4122.0000, -310.0000,  0, 0, 0
L 468.0000, 4063.0000, -310.0000,  471.0000, 4123.0000, -310.0000,  0, 0, 0
L 523.0000, 4064.0000, -310.0000,  468.0000, 4063.0000, -310.0000,  0, 0, 0
L 520.0000, 3974.0000, -310.0000,  523.0000, 4064.0000, -310.0000,  0, 0, 0
L 409.0000, 3975.0000, -310.0000,  520.0000, 3974.0000, -310.0000,  0, 0, 0
L 414.0000, 4235.0000, -310.0000,  409.0000, 3975.0000, -310.0000,  0, 0, 0
L 749.0000, 4381.0000, -310.0000,  552.0000, 4379.0000, -310.0000,  0, 0, 0
L 750.0000, 4229.0000, -310.0000,  749.0000, 4381.0000, -310.0000,  0, 0, 0
L 888.0000, 4230.0000, -310.0000,  750.0000, 4229.0000, -310.0000,  0, 0, 0
L 890.0000, 3933.0000, -310.0000,  888.0000, 4230.0000, -310.0000,  0, 0, 0
L 797.0000, 3932.0000, -310.0000,  890.0000, 3933.0000, -310.0000,  0, 0, 0
L 799.0000, 4093.0000, -310.0000,  797.0000, 3932.0000, -310.0000,  0, 0, 0
L 680.0000, 4094.0000, -310.0000,  799.0000, 4093.0000, -310.0000,  0, 0, 0
L 678.0000, 4032.0000, -310.0000,  680.0000, 4094.0000, -310.0000,  0, 0, 0
L 739.0000, 4032.0000, -310.0000,  678.0000, 4032.0000, -310.0000,  0, 0, 0
L 740.0000, 3780.0000, -310.0000,  739.0000, 4032.0000, -310.0000,  0, 0, 0
L 427.0000, 3780.0000, -310.0000,  740.0000, 3780.0000, -310.0000,  0, 0, 0
L 428.0000, 3645.0000, -310.0000,  427.0000, 3780.0000, -310.0000,  0, 0, 0
L 290.0000, 3645.0000, -310.0000,  428.0000, 3645.0000, -310.0000,  0, 0, 0
L 292.0000, 3408.0000, -310.0000,  290.0000, 3645.0000, -310.0000,  0, 0, 0
L 182.0000, 3408.0000, -310.0000,  292.0000, 3408.0000, -310.0000,  0, 0, 0
L 180.0000, 3552.0000, -310.0000,  182.0000, 3408.0000, -310.0000,  0, 0, 0
L 41.0000, 3551.0000, -310.0000,  180.0000, 3552.0000, -310.0000,  0, 0, 0
L 43.0000, 3739.0000, -310.0000,  41.0000, 3551.0000, -310.0000,  0, 0, 0
L -40.0000, 3737.0000, -310.0000,  0.0000, 3737.0000, -310.0000,  0, 0, 0
L -267.0000, 3841.0000, -310.0000,  -40.0000, 3737.0000, -310.0000,  0, 0, 0
L -349.0000, 3688.0000, -310.0000,  -267.0000, 3841.0000, -310.0000,  0, 0, 0
L -372.0000, 3700.0000, -310.0000,  -349.0000, 3688.0000, -310.0000,  0, 0, 0
L -341.0000, 3757.0000, -310.0000,  -372.0000, 3700.0000, -310.0000,  0, 0, 0
L -362.0000, 3768.0000, -310.0000,  -341.0000, 3757.0000, -310.0000,  0, 0, 0
L -402.0000, 3694.0000, -310.0000,  -362.0000, 3768.0000, -310.0000,  0, 0, 0
L -357.0000, 3670.0000, -310.0000,  -402.0000, 3694.0000, -310.0000,  0, 0, 0
L -562.0000, 3281.0000, -310.0000,  -357.0000, 3670.0000, -310.0000,  0, 0, 0
L -544.0000, 3247.0000, -310.0000,  -562.0000, 3281.0000, -310.0000,  0, 0, 0
L -286.0000, 3247.0000, -310.0000,  -544.0000, 3247.0000, -310.0000,  0, 0, 0
L -288.0000, 3111.0000, -310.0000,  -286.0000, 3247.0000, -310.0000,  0, 0, 0
L -196.0000, 3111.0000, -310.0000,  -288.0000, 3111.0000, -310.0000,  0, 0, 0
L -199.0000, 3274.0000, -310.0000,  -196.0000, 3111.0000, -310.0000,  0, 0, 0
L -40.0000, 3275.0000, -310.0000,  -199.0000, 3274.0000, -310.0000,  0, 0, 0
L -38.0000, 3406.0000, -310.0000,  -40.0000, 3275.0000, -310.0000,  0, 0, 0
L 128.0000, 3403.0000, -310.0000,  -38.0000, 3406.0000, -310.0000,  0, 0, 0
L 127.0000, 3492.0000, -310.0000,  128.0000, 3403.0000, -310.0000,  0, 0, 0
L -5.0000, 3490.0000, -310.0000,  127.0000, 3492.0000, -310.0000,  0, 0, 0
L 1.0000, 3737.0000, -310.0000,  -5.0000, 3490.0000, -310.0000,  0, 0, 0
L -993.0000, 3249.0000, -310.0000,  -973.0000, 3249.0000, -310.0000,  0, 0, 0
L -993.0000, 3263.0000, -310.0000,  -993.0000, 3249.0000, -310.0000,  0, 0, 0
L -1007.0000, 3263.0000, -310.0000,  -993.0000, 3263.0000, -310.0000,  0, 0, 0
L -1007.0000, 3281.0000, -310.0000,  -1007.0000, 3263.0000, -310.0000,  0, 0, 0
L -993.0000, 3281.0000, -310.0000,  -1007.0000, 3281.0000, -310.0000,  0, 0, 0
L -993.0000, 3299.0000, -310.0000,  -993.0000, 3281.0000, -310.0000,  0, 0, 0
L -971.0000, 3299.0000, -310.0000,  -993.0000, 3299.0000, -310.0000,  0, 0, 0
L -971.0000, 3279.0000, -310.0000,  -971.0000, 3299.0000, -310.0000,  0, 0, 0
L -958.0000, 3279.0000, -310.0000,  -971.0000, 3279.0000, -310.0000,  0, 0, 0
L -958.0000, 3260.0000, -310.0000,  -958.0000, 3279.0000, -310.0000,  0, 0, 0
L -972.0000, 3260.0000, -310.0000,  -958.0000, 3260.0000, -310.0000,  0, 0, 0
L -972.0000, 3246.0000, -310.0000,  -972.0000, 3260.0000, -310.0000,  0, 0, 0
L -686.0000, 1288.0000, -310.0000,  -670.0000, 1288.0000, -310.0000,  0, 0, 0
L -686.0000, 1305.0000, -310.0000,  -686.0000, 1288.0000, -310.0000,  0, 0, 0
L -934.0000, 1305.0000, -310.0000,  -686.0000, 1305.0000, -310.0000,  0, 0, 0
L -1008.0000, 1145.0000, -310.0000,  -934.0000, 1305.0000, -310.0000,  0, 0, 0
L -1008.0000, 1055.0000, -310.0000,  -1008.0000, 1145.0000, -310.0000,  0, 0, 0
L -814.0000, 1055.0000, -310.0000,  -1008.0000, 1055.0000, -310.0000,  0, 0, 0
L -814.0000, 1191.0000, -310.0000,  -814.0000, 1055.0000, -310.0000,  0, 0, 0
L -669.0000, 1191.0000, -310.0000,  -814.0000, 1191.0000, -310.0000,  0, 0, 0
L -669.0000, 1286.0000, -310.0000,  -669.0000, 1191.0000, -310.0000,  0, 0, 0
L -194.0000, 1699.0000, -310.0000,  -194.0000, 1679.0000, -310.0000,  0, 0, 0
L -178.0000, 1699.0000, -310.0000,  -194.0000, 1699.0000, -310.0000,  0, 0, 0
L -178.0000, 1714.0000, -310.0000,  -178.0000, 1699.0000, -310.0000,  0, 0, 0
L -157.0000, 1714.0000, -310.0000,  -178.0000, 1714.0000, -310.0000,  0, 0, 0
L -157.0000, 1699.0000, -310.0000,  -157.0000, 1714.0000, -310.0000,  0, 0, 0
L -143.0000, 1699.0000, -310.0000,  -157.0000, 1699.0000, -310.0000,  0, 0, 0
L -143.0000, 1679.0000, -310.0000,  -143.0000, 1699.0000, -310.0000,  0, 0, 0
L -158.0000, 1679.0000, -310.0000,  -143.0000, 1679.0000, -310.0000,  0, 0, 0
L -158.0000, 1662.0000, -310.0000,  -158.0000, 1679.0000, -310.0000,  0, 0, 0
L -179.0000, 1662.0000, -310.0000,  -158.0000, 1662.0000, -310.0000,  0, 0, 0
L -179.0000, 1679.0000, -310.0000,  -179.0000, 1662.0000, -310.0000,  0, 0, 0
L -193.0000, 1679.0000, -310.0000,  -179.0000, 1679.0000, -310.0000,  0, 0, 0
L -473.0000, 2252.0000, -310.0000,  -488.0000, 2310.0000, -310.0000,  0, 0, 0
L -436.0000, 2258.0000, -310.0000,  -473.0000, 2252.0000, -310.0000,  0, 0, 0
L -432.0000, 2237.0000, -310.0000,  -436.0000, 2258.0000, -310.0000,  0, 0, 0
L -495.0000, 2224.0000, -310.0000,  -432.0000, 2237.0000, -310.0000,  0, 0, 0
L -509.0000, 2305.0000, -310.0000,  -495.0000, 2224.0000, -310.0000,  0, 0, 0
L -487.0000, 2310.0000, -310.0000,  -509.0000, 2305.0000, -310.0000,  0, 0, 0
L 314.0000, 2410.0000, -310.0000,  314.0000, 2389.0000, -310.0000,  0, 0, 0
L 298.0000, 2410.0000, -310.0000,  314.0000, 2410.0000, -310.0000,  0, 0, 0
L 298.0000, 2428.0000, -310.0000,  298.0000, 2410.0000, -310.0000,  0, 0, 0
L 280.0000, 2428.0000, -310.0000,  298.0000, 2428.0000, -310.0000,  0, 0, 0
L 280.0000, 2410.0000, -310.0000,  280.0000, 2428.0000, -310.0000,  0, 0, 0
L 263.0000, 2410.0000, -310.0000,  280.0000, 2410.0000, -310.0000,  0, 0, 0
L 263.0000, 2388.0000, -310.0000,  263.0000, 2410.0000, -310.0000,  0, 0, 0
L 280.0000, 2388.0000, -310.0000,  263.0000, 2388.0000, -310.0000,  0, 0, 0
L 280.0000, 2373.0000, -310.0000,  280.0000, 2388.0000, -310.0000,  0, 0, 0
L 297.0000, 2373.0000, -310.0000,  280.0000, 2373.0000, -310.0000,  0, 0, 0
L 297.0000, 2389.0000, -310.0000,  297.0000, 2373.0000, -310.0000,  0, 0, 0
L 312.0000, 2389.0000, -310.0000,  297.0000, 2389.0000, -310.0000,  0, 0, 0
L 333.0000, 2225.0000, -310.0000,  333.0000, 2212.0000, -310.0000,  0, 0, 0
L 346.0000, 2225.0000, -310.0000,  333.0000, 2225.0000, -310.0000,  0, 0, 0
L 346.0000, 2248.0000, -310.0000,  346.0000, 2225.0000, -310.0000,  0, 0, 0
L 336.0000, 2248.0000, -310.0000,  346.0000, 2248.0000, -310.0000,  0, 0, 0
L 336.0000, 2261.0000, -310.0000,  336.0000, 2248.0000, -310.0000,  0, 0, 0
L 313.0000, 2261.0000, -310.0000,  336.0000, 2261.0000, -310.0000,  0, 0, 0
L 313.0000, 2249.0000, -310.0000,  313.0000, 2261.0000, -310.0000,  0, 0, 0
L 296.0000, 2249.0000, -310.0000,  313.0000, 2249.0000, -310.0000,  0, 0, 0
L 296.0000, 2227.0000, -310.0000,  296.0000, 2249.0000, -310.0000,  0, 0, 0
L 312.0000, 2227.0000, -310.0000,  296.0000, 2227.0000, -310.0000,  0, 0, 0
L 312.0000, 2211.0000, -310.0000,  312.0000, 2227.0000, -310.0000,  0, 0, 0
L 331.0000, 2211.0000, -310.0000,  312.0000, 2211.0000, -310.0000,  0, 0, 0
L 1089.0000, 1696.0000, -310.0000,  928.0000, 1696.0000, -310.0000,  0, 0, 0
L 1089.0000, 1771.0000, -310.0000,  1089.0000, 1696.0000, -310.0000,  0, 0, 0
L 952.0000, 1771.0000, -310.0000,  1089.0000, 1771.0000, -310.0000,  0, 0, 0
L 952.0000, 2078.0000, -310.0000,  952.0000, 1771.0000, -310.0000,  0, 0, 0
L 713.0000, 2078.0000, -310.0000,  952.0000, 2078.0000, -310.0000,  0, 0, 0
L 713.0000, 1936.0000, -310.0000,  713.0000, 2078.0000, -310.0000,  0, 0, 0
L 614.0000, 1936.0000, -310.0000,  713.0000, 1936.0000, -310.0000,  0, 0, 0
L 614.0000, 1626.0000, -310.0000,  614.0000, 1936.0000, -310.0000,  0, 0, 0
L 483.0000, 1626.0000, -310.0000,  614.0000, 1626.0000, -310.0000,  0, 0, 0
L 483.0000, 1552.0000, -310.0000,  483.0000, 1626.0000, -310.0000,  0, 0, 0
L 632.0000, 1552.0000, -310.0000,  483.0000, 1552.0000, -310.0000,  0, 0, 0
L 632.0000, 1402.0000, -310.0000,  632.0000, 1552.0000, -310.0000,  0, 0, 0
L 857.0000, 1402.0000, -310.0000,  632.0000, 1402.0000, -310.0000,  0, 0, 0
L 857.0000, 1537.0000, -310.0000,  857.0000, 1402.0000, -310.0000,  0, 0, 0
L 928.0000, 1537.0000, -310.0000,  857.0000, 1537.0000, -310.0000,  0, 0, 0
L 928.0000, 1693.0000, -310.0000,  928.0000, 1537.0000, -310.0000,  0, 0, 0
L 2771.0000, 1153.0000, -310.0000,  3066.0000, 944.0000, -310.0000,  0, 0, 0
L 2742.0000, 1526.0000, -310.0000,  2771.0000, 1153.0000, -310.0000,  0, 0, 0
L 2939.0000, 1836.0000, -310.0000,  2742.0000, 1526.0000, -310.0000,  0, 0, 0
L 3166.0000, 1848.0000, -310.0000,  2939.0000, 1836.0000, -310.0000,  0, 0, 0
L 3156.0000, 1989.0000, -310.0000,  3166.0000, 1848.0000, -310.0000,  0, 0, 0
L 3293.0000, 1999.0000, -310.0000,  3156.0000, 1989.0000, -310.0000,  0, 0, 0
L 3287.0000, 2141.0000, -310.0000,  3293.0000, 1999.0000, -310.0000,  0, 0, 0
L 3356.0000, 2147.0000, -310.0000,  3287.0000, 2141.0000, -310.0000,  0, 0, 0
L 3373.0000, 1949.0000, -310.0000,  3356.0000, 2147.0000, -310.0000,  0, 0, 0
L 3213.0000, 1940.0000, -310.0000,  3373.0000, 1949.0000, -310.0000,  0, 0, 0
L 3217.0000, 1861.0000, -310.0000,  3213.0000, 1940.0000, -310.0000,  0, 0, 0
L 3458.0000, 1876.0000, -310.0000,  3217.0000, 1861.0000, -310.0000,  0, 0, 0
L 3825.0000, 1515.0000, -310.0000,  3458.0000, 1876.0000, -310.0000,  0, 0, 0
L 3791.0000, 1061.0000, -310.0000,  3825.0000, 1515.0000, -310.0000,  0, 0, 0
L 3571.0000, 623.0000, -310.0000,  3791.0000, 1061.0000, -310.0000,  0, 0, 0
L 3176.0000, 460.0000, -310.0000,  3571.0000, 623.0000, -310.0000,  0, 0, 0
L 2705.0000, 535.0000, -310.0000,  3176.0000, 460.0000, -310.0000,  0, 0, 0
L 2504.0000, 687.0000, -310.0000,  2705.0000, 535.0000, -310.0000,  0, 0, 0
L 2357.0000, 979.0000, -310.0000,  2504.0000, 687.0000, -310.0000,  0, 0, 0
L 2417.0000, 1007.0000, -310.0000,  2357.0000, 979.0000, -310.0000,  0, 0, 0
L 2391.0000, 1069.0000, -310.0000,  2417.0000, 1007.0000, -310.0000,  0, 0, 0
L 2367.0000, 1058.0000, -310.0000,  2391.0000, 1069.0000, -310.0000,  0, 0, 0
L 2385.0000, 1019.0000, -310.0000,  2367.0000, 1058.0000, -310.0000,  0, 0, 0
L 2348.0000, 1000.0000, -310.0000,  2385.0000, 1019.0000, -310.0000,  0, 0, 0
L 2308.0000, 1107.0000, -310.0000,  2348.0000, 1000.0000, -310.0000,  0, 0, 0
L 2078.0000, 1104.0000, -310.0000,  2308.0000, 1107.0000, -310.0000,  0, 0, 0
L 2077.0000, 987.0000, -310.0000,  2078.0000, 1104.0000, -310.0000,  0, 0, 0
L 1931.0000, 987.0000, -310.0000,  2077.0000, 987.0000, -310.0000,  0, 0, 0
L 1932.0000, 921.0000, -310.0000,  1931.0000, 987.0000, -310.0000,  0, 0, 0
L 1917.0000, 884.0000, -310.0000,  1932.0000, 921.0000, -310.0000,  0, 0, 0
L 1954.0000, 884.0000, -310.0000,  1917.0000, 884.0000, -310.0000,  0, 0, 0
L 2003.0000, 835.0000, -310.0000,  1954.0000, 884.0000, -310.0000,  0, 0, 0
L 2004.0000, 754.0000, -310.0000,  2003.0000, 835.0000, -310.0000,  0, 0, 0
L 1954.0000, 705.0000, -310.0000,  2004.0000, 754.0000, -310.0000,  0, 0, 0
L 1865.0000, 705.0000, -310.0000,  1954.0000, 705.0000, -310.0000,  0, 0, 0
L 1816.0000, 750.0000, -310.0000,  1865.0000, 705.0000, -310.0000,  0, 0, 0
L 1815.0000, 845.0000, -310.0000,  1816.0000, 750.0000, -310.0000,  0, 0, 0
L 1861.0000, 885.0000, -310.0000,  1815.0000, 845.0000, -310.0000,  0, 0, 0
L 1896.0000, 885.0000, -310.0000,  1861.0000, 885.0000, -310.0000,  0, 0, 0
L 1869.0000, 906.0000, -310.0000,  1896.0000, 885.0000, -310.0000,  0, 0, 0
L 1869.0000, 1127.0000, -310.0000,  1869.0000, 906.0000, -310.0000,  0, 0, 0
L 1745.0000, 1127.0000, -310.0000,  1869.0000, 1127.0000, -310.0000,  0, 0, 0
L 1746.0000, 1290.0000, -310.0000,  1745.0000, 1127.0000, -310.0000,  0, 0, 0
L 1585.0000, 1291.0000, -310.0000,  1746.0000, 1290.0000, -310.0000,  0, 0, 0
L 1585.0000, 1418.0000, -310.0000,  1585.0000, 1291.0000, -310.0000,  0, 0, 0
L 1513.0000, 1418.0000, -310.0000,  1585.0000, 1418.0000, -310.0000,  0, 0, 0
L 1506.0000, 1281.0000, -310.0000,  1513.0000, 1418.0000, -310.0000,  0, 0, 0
L 1419.0000, 1281.0000, -310.0000,  1506.0000, 1281.0000, -310.0000,  0, 0, 0
L 1417.0000, 1195.0000, -310.0000,  1419.0000, 1281.0000, -310.0000,  0, 0, 0
L 1548.0000, 1195.0000, -310.0000,  1417.0000, 1195.0000, -310.0000,  0, 0, 0
L 1546.0000, 987.0000, -310.0000,  1548.0000, 1195.0000, -310.0000,  0, 0, 0
L 1398.0000, 986.0000, -310.0000,  1546.0000, 987.0000, -310.0000,  0, 0, 0
L 1402.0000, 899.0000, -310.0000,  1398.0000, 986.0000, -310.0000,  0, 0, 0
L 1385.0000, 868.0000, -310.0000,  1402.0000, 899.0000, -310.0000,  0, 0, 0
L 1418.0000, 869.0000, -310.0000,  1385.0000, 868.0000, -310.0000,  0, 0, 0
L 1466.0000, 822.0000, -310.0000,  1418.0000, 869.0000, -310.0000,  0, 0, 0
L 1466.0000, 744.0000, -310.0000,  1466.0000, 822.0000, -310.0000,  0, 0, 0
L 1419.0000, 689.0000, -310.0000,  1466.0000, 744.0000, -310.0000,  0, 0, 0
L 1339.0000, 686.0000, -310.0000,  1419.0000, 689.0000, -310.0000,  0, 0, 0
L 1278.0000, 739.0000, -310.0000,  1339.0000, 686.0000, -310.0000,  0, 0, 0
L 1277.0000, 820.0000, -310.0000,  1278.0000, 739.0000, -310.0000,  0, 0, 0
L 1324.0000, 867.0000, -310.0000,  1277.0000, 820.0000, -310.0000,  0, 0, 0
L 1361.0000, 867.0000, -310.0000,  1324.0000, 867.0000, -310.0000,  0, 0, 0
L 1343.0000, 912.0000, -310.0000,  1361.0000, 867.0000, -310.0000,  0, 0, 0
L 1341.0000, 1041.0000, -310.0000,  1343.0000, 912.0000, -310.0000,  0, 0, 0
L 1496.0000, 1041.0000, -310.0000,  1341.0000, 1041.0000, -310.0000,  0, 0, 0
L 1495.0000, 1120.0000, -310.0000,  1496.0000, 1041.0000, -310.0000,  0, 0, 0
L 1366.0000, 1120.0000, -310.0000,  1495.0000, 1120.0000, -310.0000,  0, 0, 0
L 1362.0000, 1279.0000, -310.0000,  1366.0000, 1120.0000, -310.0000,  0, 0, 0
L 1253.0000, 1283.0000, -310.0000,  1362.0000, 1279.0000, -310.0000,  0, 0, 0
L 1262.0000, 1222.0000, -310.0000,  1253.0000, 1283.0000, -310.0000,  0, 0, 0
L 1156.0000, 1275.0000, -310.0000,  1262.0000, 1222.0000, -310.0000,  0, 0, 0
L 1178.0000, 1310.0000, -310.0000,  1156.0000, 1275.0000, -310.0000,  0, 0, 0
L 1164.0000, 1349.0000, -310.0000,  1178.0000, 1310.0000, -310.0000,  0, 0, 0
L 1006.0000, 1344.0000, -310.0000,  1164.0000, 1349.0000, -310.0000,  0, 0, 0
L 1002.0000, 1493.0000, -310.0000,  1006.0000, 1344.0000, -310.0000,  0, 0, 0
L 936.0000, 1491.0000, -310.0000,  1002.0000, 1493.0000, -310.0000,  0, 0, 0
L 939.0000, 1324.0000, -310.0000,  936.0000, 1491.0000, -310.0000,  0, 0, 0
L 760.0000, 1330.0000, -310.0000,  939.0000, 1324.0000, -310.0000,  0, 0, 0
L 761.0000, 1221.0000, -310.0000,  760.0000, 1330.0000, -310.0000,  0, 0, 0
L 1053.0000, 1074.0000, -310.0000,  761.0000, 1221.0000, -310.0000,  0, 0, 0
L 1076.0000, 1129.0000, -310.0000,  1053.0000, 1074.0000, -310.0000,  0, 0, 0
L 1188.0000, 1082.0000, -310.0000,  1076.0000, 1129.0000, -310.0000,  0, 0, 0
L 1025.0000, 754.0000, -310.0000,  1188.0000, 1082.0000, -310.0000,  0, 0, 0
L 953.0000, 787.0000, -310.0000,  1025.0000, 754.0000, -310.0000,  0, 0, 0
L 924.0000, 731.0000, -310.0000,  953.0000, 787.0000, -310.0000,  0, 0, 0
L 937.0000, 725.0000, -310.0000,  924.0000, 731.0000, -310.0000,  0, 0, 0
L 960.0000, 760.0000, -310.0000,  937.0000, 725.0000, -310.0000,  0, 0, 0
L 1014.0000, 740.0000, -310.0000,  960.0000, 760.0000, -310.0000,  0, 0, 0
L 763.0000, 260.0000, -310.0000,  1014.0000, 740.0000, -310.0000,  0, 0, 0
L 936.0000, 171.0000, -310.0000,  763.0000, 260.0000, -310.0000,  0, 0, 0
L 926.0000, 132.0000, -310.0000,  936.0000, 171.0000, -310.0000,  0, 0, 0
L 954.0000, 124.0000, -310.0000,  926.0000, 132.0000, -310.0000,  0, 0, 0
L 973.0000, 158.0000, -310.0000,  954.0000, 124.0000, -310.0000,  0, 0, 0
L 1049.0000, 117.0000, -310.0000,  973.0000, 158.0000, -310.0000,  0, 0, 0
L 1049.0000, -199.0000, -310.0000,  1049.0000, 117.0000, -310.0000,  0, 0, 0
L 1018.0000, -199.0000, -310.0000,  1049.0000, -199.0000, -310.0000,  0, 0, 0
L 1018.0000, -220.0000, -310.0000,  1018.0000, -199.0000, -310.0000,  0, 0, 0
L 1052.0000, -220.0000, -310.0000,  1018.0000, -220.0000, -310.0000,  0, 0, 0
L 1056.0000, -396.0000, -310.0000,  1052.0000, -220.0000, -310.0000,  0, 0, 0
L 1043.0000, -417.0000, -310.0000,  1056.0000, -396.0000, -310.0000,  0, 0, 0
L 903.0000, -419.0000, -310.0000,  1043.0000, -417.0000, -310.0000,  0, 0, 0
L 875.0000, -413.0000, -310.0000,  903.0000, -419.0000, -310.0000,  0, 0, 0
L 874.0000, -358.0000, -310.0000,  875.0000, -413.0000, -310.0000,  0, 0, 0
L 993.0000, -372.0000, -310.0000,  874.0000, -358.0000, -310.0000,  0, 0, 0
L 982.0000, -79.0000, -310.0000,  993.0000, -372.0000, -310.0000,  0, 0, 0
L 1026.0000, -79.0000, -310.0000,  982.0000, -79.0000, -310.0000,  0, 0, 0
L 1026.0000, -54.0000, -310.0000,  1026.0000, -79.0000, -310.0000,  0, 0, 0
L 985.0000, -54.0000, -310.0000,  1026.0000, -54.0000, -310.0000,  0, 0, 0
L 982.0000, 80.0000, -310.0000,  985.0000, -54.0000, -310.0000,  0, 0, 0
L 708.0000, 220.0000, -310.0000,  982.0000, 80.0000, -310.0000,  0, 0, 0
L 657.0000, 299.0000, -310.0000,  708.0000, 220.0000, -310.0000,  0, 0, 0
L 821.0000, 616.0000, -310.0000,  657.0000, 299.0000, -310.0000,  0, 0, 0
L 878.0000, 585.0000, -310.0000,  821.0000, 616.0000, -310.0000,  0, 0, 0
L 911.0000, 645.0000, -310.0000,  878.0000, 585.0000, -310.0000,  0, 0, 0
L 892.0000, 656.0000, -310.0000,  911.0000, 645.0000, -310.0000,  0, 0, 0
L 868.0000, 614.0000, -310.0000,  892.0000, 656.0000, -310.0000,  0, 0, 0
L 829.0000, 636.0000, -310.0000,  868.0000, 614.0000, -310.0000,  0, 0, 0
L 1025.0000, 1015.0000, -310.0000,  829.0000, 636.0000, -310.0000,  0, 0, 0
L 732.0000, 1160.0000, -310.0000,  1025.0000, 1015.0000, -310.0000,  0, 0, 0
L 679.0000, 1094.0000, -310.0000,  732.0000, 1160.0000, -310.0000,  0, 0, 0
L 606.0000, 1095.0000, -310.0000,  679.0000, 1094.0000, -310.0000,  0, 0, 0
L 606.0000, 938.0000, -310.0000,  606.0000, 1095.0000, -310.0000,  0, 0, 0
L 476.0000, 938.0000, -310.0000,  606.0000, 938.0000, -310.0000,  0, 0, 0
L 476.0000, 857.0000, -310.0000,  476.0000, 938.0000, -310.0000,  0, 0, 0
L 611.0000, 857.0000, -310.0000,  476.0000, 857.0000, -310.0000,  0, 0, 0
L 612.0000, 780.0000, -310.0000,  611.0000, 857.0000, -310.0000,  0, 0, 0
L 749.0000, 780.0000, -310.0000,  612.0000, 780.0000, -310.0000,  0, 0, 0
L 749.0000, 696.0000, -310.0000,  749.0000, 780.0000, -310.0000,  0, 0, 0
L 615.0000, 696.0000, -310.0000,  749.0000, 696.0000, -310.0000,  0, 0, 0
L 613.0000, 672.0000, -310.0000,  615.0000, 696.0000, -310.0000,  0, 0, 0
L 734.0000, 679.0000, -310.0000,  613.0000, 672.0000, -310.0000,  0, 0, 0
L 742.0000, 628.0000, -310.0000,  734.0000, 679.0000, -310.0000,  0, 0, 0
L 709.0000, 532.0000, -310.0000,  742.0000, 628.0000, -310.0000,  0, 0, 0
L 646.0000, 532.0000, -310.0000,  709.0000, 532.0000, -310.0000,  0, 0, 0
L 644.0000, 616.0000, -310.0000,  646.0000, 532.0000, -310.0000,  0, 0, 0
L 511.0000, 618.0000, -310.0000,  644.0000, 616.0000, -310.0000,  0, 0, 0
L 464.0000, 599.0000, -310.0000,  511.0000, 618.0000, -310.0000,  0, 0, 0
L 524.0000, 469.0000, -310.0000,  464.0000, 599.0000, -310.0000,  0, 0, 0
L 468.0000, 444.0000, -310.0000,  524.0000, 469.0000, -310.0000,  0, 0, 0
L 479.0000, 420.0000, -310.0000,  468.0000, 444.0000, -310.0000,  0, 0, 0
L 533.0000, 445.0000, -310.0000,  479.0000, 420.0000, -310.0000,  0, 0, 0
L 577.0000, 361.0000, -310.0000,  533.0000, 445.0000, -310.0000,  0, 0, 0
L 490.0000, 264.0000, -310.0000,  577.0000, 361.0000, -310.0000,  0, 0, 0
L 364.0000, 511.0000, -310.0000,  490.0000, 264.0000, -310.0000,  0, 0, 0
L 33.0000, 365.0000, -310.0000,  364.0000, 511.0000, -310.0000,  0, 0, 0
L 32.0000, 186.0000, -310.0000,  33.0000, 365.0000, -310.0000,  0, 0, 0
L 215.0000, 182.0000, -310.0000,  32.0000, 186.0000, -310.0000,  0, 0, 0
L 215.0000, 286.0000, -310.0000,  215.0000, 182.0000, -310.0000,  0, 0, 0
L 274.0000, 288.0000, -310.0000,  215.0000, 286.0000, -310.0000,  0, 0, 0
L 274.0000, 115.0000, -310.0000,  274.0000, 288.0000, -310.0000,  0, 0, 0
L 32.0000, 117.0000, -310.0000,  274.0000, 115.0000, -310.0000,  0, 0, 0
L 32.0000, -108.0000, -310.0000,  32.0000, 117.0000, -310.0000,  0, 0, 0
L -31.0000, -108.0000, -310.0000,  32.0000, -108.0000, -310.0000,  0, 0, 0
L -31.0000, 70.0000, -310.0000,  -31.0000, -108.0000, -310.0000,  0, 0, 0
L 1.0000, 70.0000, -310.0000,  -31.0000, 70.0000, -310.0000,  0, 0, 0
L 1.0000, 96.0000, -310.0000,  1.0000, 70.0000, -310.0000,  0, 0, 0
L -34.0000, 96.0000, -310.0000,  1.0000, 96.0000, -310.0000,  0, 0, 0
L -31.0000, 247.0000, -310.0000,  -34.0000, 96.0000, -310.0000,  0, 0, 0
L -59.0000, 325.0000, -310.0000,  -31.0000, 247.0000, -310.0000,  0, 0, 0
L -551.0000, 328.0000, -310.0000,  -59.0000, 325.0000, -310.0000,  0, 0, 0
L -553.0000, 418.0000, -310.0000,  -551.0000, 328.0000, -310.0000,  0, 0, 0
L -341.0000, 417.0000, -310.0000,  -553.0000, 418.0000, -310.0000,  0, 0, 0
L -296.0000, 444.0000, -310.0000,  -341.0000, 417.0000, -310.0000,  0, 0, 0
L -238.0000, 443.0000, -310.0000,  -296.0000, 444.0000, -310.0000,  0, 0, 0
L -239.0000, 477.0000, -310.0000,  -238.0000, 443.0000, -310.0000,  0, 0, 0
L -279.0000, 479.0000, -310.0000,  -239.0000, 477.0000, -310.0000,  0, 0, 0
L -322.0000, 521.0000, -310.0000,  -279.0000, 479.0000, -310.0000,  0, 0, 0
L -324.0000, 611.0000, -310.0000,  -322.0000, 521.0000, -310.0000,  0, 0, 0
L -272.0000, 660.0000, -310.0000,  -324.0000, 611.0000, -310.0000,  0, 0, 0
L -188.0000, 656.0000, -310.0000,  -272.0000, 660.0000, -310.0000,  0, 0, 0
L -134.0000, 589.0000, -310.0000,  -188.0000, 656.0000, -310.0000,  0, 0, 0
L -136.0000, 521.0000, -310.0000,  -134.0000, 589.0000, -310.0000,  0, 0, 0
L -187.0000, 475.0000, -310.0000,  -136.0000, 521.0000, -310.0000,  0, 0, 0
L -223.0000, 479.0000, -310.0000,  -187.0000, 475.0000, -310.0000,  0, 0, 0
L -224.0000, 445.0000, -310.0000,  -223.0000, 479.0000, -310.0000,  0, 0, 0
L -134.0000, 410.0000, -310.0000,  -224.0000, 445.0000, -310.0000,  0, 0, 0
L -80.0000, 411.0000, -310.0000,  -134.0000, 410.0000, -310.0000,  0, 0, 0
L 116.0000, 501.0000, -310.0000,  -80.0000, 411.0000, -310.0000,  0, 0, 0
L 137.0000, 455.0000, -310.0000,  116.0000, 501.0000, -310.0000,  0, 0, 0
L 161.0000, 465.0000, -310.0000,  137.0000, 455.0000, -310.0000,  0, 0, 0
L 138.0000, 514.0000, -310.0000,  161.0000, 465.0000, -310.0000,  0, 0, 0
L 470.0000, 670.0000, -310.0000,  138.0000, 514.0000, -310.0000,  0, 0, 0
L 558.0000, 677.0000, -310.0000,  470.0000, 670.0000, -310.0000,  0, 0, 0
L 558.0000, 790.0000, -310.0000,  558.0000, 677.0000, -310.0000,  0, 0, 0
L 423.0000, 786.0000, -310.0000,  558.0000, 790.0000, -310.0000,  0, 0, 0
L 407.0000, 1005.0000, -310.0000,  423.0000, 786.0000, -310.0000,  0, 0, 0
L 546.0000, 997.0000, -310.0000,  407.0000, 1005.0000, -310.0000,  0, 0, 0
L 552.0000, 1094.0000, -310.0000,  546.0000, 997.0000, -310.0000,  0, 0, 0
L 322.0000, 1087.0000, -310.0000,  552.0000, 1094.0000, -310.0000,  0, 0, 0
L 321.0000, 1225.0000, -310.0000,  322.0000, 1087.0000, -310.0000,  0, 0, 0
L 240.0000, 1227.0000, -310.0000,  321.0000, 1225.0000, -310.0000,  0, 0, 0
L 237.0000, 1025.0000, -310.0000,  240.0000, 1227.0000, -310.0000,  0, 0, 0
L 325.0000, 855.0000, -310.0000,  237.0000, 1025.0000, -310.0000,  0, 0, 0
L 273.0000, 823.0000, -310.0000,  325.0000, 855.0000, -310.0000,  0, 0, 0
L 288.0000, 797.0000, -310.0000,  273.0000, 823.0000, -310.0000,  0, 0, 0
L 339.0000, 827.0000, -310.0000,  288.0000, 797.0000, -310.0000,  0, 0, 0
L 361.0000, 790.0000, -310.0000,  339.0000, 827.0000, -310.0000,  0, 0, 0
L 260.0000, 729.0000, -310.0000,  361.0000, 790.0000, -310.0000,  0, 0, 0
L 202.0000, 828.0000, -310.0000,  260.0000, 729.0000, -310.0000,  0, 0, 0
L -167.0000, 831.0000, -310.0000,  202.0000, 828.0000, -310.0000,  0, 0, 0
L -171.0000, 698.0000, -310.0000,  -167.0000, 831.0000, -310.0000,  0, 0, 0
L -385.0000, 698.0000, -310.0000,  -171.0000, 698.0000, -310.0000,  0, 0, 0
L -385.0000, 823.0000, -310.0000,  -385.0000, 698.0000, -310.0000,  0, 0, 0
L -477.0000, 826.0000, -310.0000,  -385.0000, 823.0000, -310.0000,  0, 0, 0
L -477.0000, 668.0000, -310.0000,  -477.0000, 826.0000, -310.0000,  0, 0, 0
L -628.0000, 666.0000, -310.0000,  -477.0000, 668.0000, -310.0000,  0, 0, 0
L -630.0000, 589.0000, -310.0000,  -628.0000, 666.0000, -310.0000,  0, 0, 0
L -601.0000, 589.0000, -310.0000,  -630.0000, 589.0000, -310.0000,  0, 0, 0
L -600.0000, 526.0000, -310.0000,  -601.0000, 589.0000, -310.0000,  0, 0, 0
L -689.0000, 527.0000, -310.0000,  -600.0000, 526.0000, -310.0000,  0, 0, 0
L -687.0000, 728.0000, -310.0000,  -689.0000, 527.0000, -310.0000,  0, 0, 0
L -542.0000, 728.0000, -310.0000,  -687.0000, 728.0000, -310.0000,  0, 0, 0
L -544.0000, 964.0000, -310.0000,  -542.0000, 728.0000, -310.0000,  0, 0, 0
L -675.0000, 964.0000, -310.0000,  -544.0000, 964.0000, -310.0000,  0, 0, 0
L -673.0000, 1136.0000, -310.0000,  -675.0000, 964.0000, -310.0000,  0, 0, 0
L -747.0000, 1136.0000, -310.0000,  -673.0000, 1136.0000, -310.0000,  0, 0, 0
L -748.0000, 1006.0000, -310.0000,  -747.0000, 1136.0000, -310.0000,  0, 0, 0
L -995.0000, 1004.0000, -310.0000,  -748.0000, 1006.0000, -310.0000,  0, 0, 0
L -997.0000, 962.0000, -310.0000,  -995.0000, 1004.0000, -310.0000,  0, 0, 0
L -1146.0000, 1034.0000, -310.0000,  -997.0000, 962.0000, -310.0000,  0, 0, 0
L -1175.0000, 975.0000, -310.0000,  -1146.0000, 1034.0000, -310.0000,  0, 0, 0
L -1152.0000, 961.0000, -310.0000,  -1175.0000, 975.0000, -310.0000,  0, 0, 0
L -1137.0000, 991.0000, -310.0000,  -1152.0000, 961.0000, -310.0000,  0, 0, 0
L -1097.0000, 972.0000, -310.0000,  -1137.0000, 991.0000, -310.0000,  0, 0, 0
L -1239.0000, 702.0000, -310.0000,  -1097.0000, 972.0000, -310.0000,  0, 0, 0
L -1432.0000, 542.0000, -310.0000,  -1239.0000, 702.0000, -310.0000,  0, 0, 0
L -1766.0000, 479.0000, -310.0000,  -1432.0000, 542.0000, -310.0000,  0, 0, 0
L -1771.0000, 514.0000, -310.0000,  -1766.0000, 479.0000, -310.0000,  0, 0, 0
L -1710.0000, 525.0000, -310.0000,  -1771.0000, 514.0000, -310.0000,  0, 0, 0
L -1715.0000, 552.0000, -310.0000,  -1710.0000, 525.0000, -310.0000,  0, 0, 0
L -1798.0000, 536.0000, -310.0000,  -1715.0000, 552.0000, -310.0000,  0, 0, 0
L -1785.0000, 478.0000, -310.0000,  -1798.0000, 536.0000, -310.0000,  0, 0, 0
L -1914.0000, 457.0000, -310.0000,  -1785.0000, 478.0000, -310.0000,  0, 0, 0
L -2309.0000, 620.0000, -310.0000,  -1914.0000, 457.0000, -310.0000,  0, 0, 0
L -2532.0000, 1062.0000, -310.0000,  -2309.0000, 620.0000, -310.0000,  0, 0, 0
L -2558.0000, 1486.0000, -310.0000,  -2532.0000, 1062.0000, -310.0000,  0, 0, 0
L -2186.0000, 1867.0000, -310.0000,  -2558.0000, 1486.0000, -310.0000,  0, 0, 0
L -1887.0000, 1845.0000, -310.0000,  -2186.0000, 1867.0000, -310.0000,  0, 0, 0
L -1892.0000, 1778.0000, -310.0000,  -1887.0000, 1845.0000, -310.0000,  0, 0, 0
L -1827.0000, 1773.0000, -310.0000,  -1892.0000, 1778.0000, -310.0000,  0, 0, 0
L -1826.0000, 1791.0000, -310.0000,  -1827.0000, 1773.0000, -310.0000,  0, 0, 0
L -1864.0000, 1794.0000, -310.0000,  -1826.0000, 1791.0000, -310.0000,  0, 0, 0
L -1860.0000, 1846.0000, -310.0000,  -1864.0000, 1794.0000, -310.0000,  0, 0, 0
L -1666.0000, 1830.0000, -310.0000,  -1860.0000, 1846.0000, -310.0000,  0, 0, 0
L -1485.0000, 1529.0000, -310.0000,  -1666.0000, 1830.0000, -310.0000,  0, 0, 0
L -1513.0000, 1147.0000, -310.0000,  -1485.0000, 1529.0000, -310.0000,  0, 0, 0
L -1805.0000, 943.0000, -310.0000,  -1513.0000, 1147.0000, -310.0000,  0, 0, 0
L -1879.0000, 1057.0000, -310.0000,  -1805.0000, 943.0000, -310.0000,  0, 0, 0
L -1610.0000, 1249.0000, -310.0000,  -1879.0000, 1057.0000, -310.0000,  0, 0, 0
L -1597.0000, 1463.0000, -310.0000,  -1610.0000, 1249.0000, -310.0000,  0, 0, 0
L -1747.0000, 1715.0000, -310.0000,  -1597.0000, 1463.0000, -310.0000,  0, 0, 0
L -2130.0000, 1762.0000, -310.0000,  -1747.0000, 1715.0000, -310.0000,  0, 0, 0
L -2433.0000, 1449.0000, -310.0000,  -2130.0000, 1762.0000, -310.0000,  0, 0, 0
L -2400.0000, 1064.0000, -310.0000,  -2433.0000, 1449.0000, -310.0000,  0, 0, 0
L -2367.0000, 993.0000, -310.0000,  -2400.0000, 1064.0000, -310.0000,  0, 0, 0
L -2437.0000, 960.0000, -310.0000,  -2367.0000, 993.0000, -310.0000,  0, 0, 0
L -2412.0000, 907.0000, -310.0000,  -2437.0000, 960.0000, -310.0000,  0, 0, 0
L -2392.0000, 916.0000, -310.0000,  -2412.0000, 907.0000, -310.0000,  0, 0, 0
L -2408.0000, 950.0000, -310.0000,  -2392.0000, 916.0000, -310.0000,  0, 0, 0
L -2357.0000, 974.0000, -310.0000,  -2408.0000, 950.0000, -310.0000,  0, 0, 0
L -2235.0000, 711.0000, -310.0000,  -2357.0000, 974.0000, -310.0000,  0, 0, 0
L -1937.0000, 579.0000, -310.0000,  -2235.0000, 711.0000, -310.0000,  0, 0, 0
L -1474.0000, 652.0000, -310.0000,  -1937.0000, 579.0000, -310.0000,  0, 0, 0
L -1330.0000, 774.0000, -310.0000,  -1474.0000, 652.0000, -310.0000,  0, 0, 0
L -941.0000, 1547.0000, -310.0000,  -1330.0000, 774.0000, -310.0000,  0, 0, 0
L -804.0000, 1548.0000, -310.0000,  -941.0000, 1547.0000, -310.0000,  0, 0, 0
L -873.0000, 1433.0000, -310.0000,  -804.0000, 1548.0000, -310.0000,  0, 0, 0
L -873.0000, 1351.0000, -310.0000,  -873.0000, 1433.0000, -310.0000,  0, 0, 0
L -543.0000, 1360.0000, -310.0000,  -873.0000, 1351.0000, -310.0000,  0, 0, 0
L -523.0000, 1334.0000, -310.0000,  -543.0000, 1360.0000, -310.0000,  0, 0, 0
L -523.0000, 1399.0000, -310.0000,  -523.0000, 1334.0000, -310.0000,  0, 0, 0
L -398.0000, 1467.0000, -310.0000,  -523.0000, 1399.0000, -310.0000,  0, 0, 0
L -283.0000, 1387.0000, -310.0000,  -398.0000, 1467.0000, -310.0000,  0, 0, 0
L -283.0000, 1255.0000, -310.0000,  -283.0000, 1387.0000, -310.0000,  0, 0, 0
L -406.0000, 1188.0000, -310.0000,  -283.0000, 1255.0000, -310.0000,  0, 0, 0
L -523.0000, 1258.0000, -310.0000,  -406.0000, 1188.0000, -310.0000,  0, 0, 0
L -523.0000, 1323.0000, -310.0000,  -523.0000, 1258.0000, -310.0000,  0, 0, 0
L -541.0000, 1305.0000, -310.0000,  -523.0000, 1323.0000, -310.0000,  0, 0, 0
L -609.0000, 1305.0000, -310.0000,  -541.0000, 1305.0000, -310.0000,  0, 0, 0
L -609.0000, 1036.0000, -310.0000,  -609.0000, 1305.0000, -310.0000,  0, 0, 0
L -473.0000, 1036.0000, -310.0000,  -609.0000, 1036.0000, -310.0000,  0, 0, 0
L -473.0000, 870.0000, -310.0000,  -473.0000, 1036.0000, -310.0000,  0, 0, 0
L -324.0000, 870.0000, -310.0000,  -473.0000, 870.0000, -310.0000,  0, 0, 0
L -324.0000, 748.0000, -310.0000,  -324.0000, 870.0000, -310.0000,  0, 0, 0
L -247.0000, 748.0000, -310.0000,  -324.0000, 748.0000, -310.0000,  0, 0, 0
L -247.0000, 893.0000, -310.0000,  -247.0000, 748.0000, -310.0000,  0, 0, 0
L -154.0000, 893.0000, -310.0000,  -247.0000, 893.0000, -310.0000,  0, 0, 0
L -152.0000, 991.0000, -310.0000,  -154.0000, 893.0000, -310.0000,  0, 0, 0
L -285.0000, 994.0000, -310.0000,  -152.0000, 991.0000, -310.0000,  0, 0, 0
L -285.0000, 1168.0000, -310.0000,  -285.0000, 994.0000, -310.0000,  0, 0, 0
L -259.0000, 1194.0000, -310.0000,  -285.0000, 1168.0000, -310.0000,  0, 0, 0
L -144.0000, 1195.0000, -310.0000,  -259.0000, 1194.0000, -310.0000,  0, 0, 0
L -144.0000, 1270.0000, -310.0000,  -144.0000, 1195.0000, -310.0000,  0, 0, 0
L -76.0000, 1271.0000, -310.0000,  -144.0000, 1270.0000, -310.0000,  0, 0, 0
L -76.0000, 1130.0000, -310.0000,  -76.0000, 1271.0000, -310.0000,  0, 0, 0
L -229.0000, 1131.0000, -310.0000,  -76.0000, 1130.0000, -310.0000,  0, 0, 0
L -224.0000, 1054.0000, -310.0000,  -229.0000, 1131.0000, -310.0000,  0, 0, 0
L -98.0000, 1055.0000, -310.0000,  -224.0000, 1054.0000, -310.0000,  0, 0, 0
L -99.0000, 903.0000, -310.0000,  -98.0000, 1055.0000, -310.0000,  0, 0, 0
L 166.0000, 900.0000, -310.0000,  -99.0000, 903.0000, -310.0000,  0, 0, 0
L -2.0000, 1238.0000, -310.0000,  166.0000, 900.0000, -310.0000,  0, 0, 0
L 21.0000, 1248.0000, -310.0000,  -2.0000, 1238.0000, -310.0000,  0, 0, 0
L 41.0000, 1201.0000, -310.0000,  21.0000, 1248.0000, -310.0000,  0, 0, 0
L 59.0000, 1209.0000, -310.0000,  41.0000, 1201.0000, -310.0000,  0, 0, 0
L 36.0000, 1265.0000, -310.0000,  59.0000, 1209.0000, -310.0000,  0, 0, 0
L 101.0000, 1294.0000, -310.0000,  36.0000, 1265.0000, -310.0000,  0, 0, 0
L 130.0000, 1235.0000, -310.0000,  101.0000, 1294.0000, -310.0000,  0, 0, 0
L 182.0000, 1217.0000, -310.0000,  130.0000, 1235.0000, -310.0000,  0, 0, 0
L 190.0000, 1285.0000, -310.0000,  182.0000, 1217.0000, -310.0000,  0, 0, 0
L 383.0000, 1282.0000, -310.0000,  190.0000, 1285.0000, -310.0000,  0, 0, 0
L 389.0000, 1153.0000, -310.0000,  383.0000, 1282.0000, -310.0000,  0, 0, 0
L 412.0000, 1152.0000, -310.0000,  389.0000, 1153.0000, -310.0000,  0, 0, 0
L 414.0000, 1325.0000, -310.0000,  412.0000, 1152.0000, -310.0000,  0, 0, 0
L -13.0000, 1520.0000, -310.0000,  414.0000, 1325.0000, -310.0000,  0, 0, 0
L 7.0000, 1474.0000, -310.0000,  -13.0000, 1520.0000, -310.0000,  0, 0, 0
L -104.0000, 1424.0000, -310.0000,  7.0000, 1474.0000, -310.0000,  0, 0, 0
L -317.0000, 1849.0000, -310.0000,  -104.0000, 1424.0000, -310.0000,  0, 0, 0
L -384.0000, 1915.0000, -310.0000,  -317.0000, 1849.0000, -310.0000,  0, 0, 0
L -420.0000, 1918.0000, -310.0000,  -384.0000, 1915.0000, -310.0000,  0, 0, 0
L -424.0000, 1839.0000, -310.0000,  -420.0000, 1918.0000, -310.0000,  0, 0, 0
L -443.0000, 1826.0000, -310.0000,  -424.0000, 1839.0000, -310.0000,  0, 0, 0
L -400.0000, 1825.0000, -310.0000,  -443.0000, 1826.0000, -310.0000,  0, 0, 0
L -355.0000, 1767.0000, -310.0000,  -400.0000, 1825.0000, -310.0000,  0, 0, 0
L -358.0000, 1692.0000, -310.0000,  -355.0000, 1767.0000, -310.0000,  0, 0, 0
L -409.0000, 1631.0000, -310.0000,  -358.0000, 1692.0000, -310.0000,  0, 0, 0
L -490.0000, 1637.0000, -310.0000,  -409.0000, 1631.0000, -310.0000,  0, 0, 0
L -545.0000, 1689.0000, -310.0000,  -490.0000, 1637.0000, -310.0000,  0, 0, 0
L -542.0000, 1770.0000, -310.0000,  -545.0000, 1689.0000, -310.0000,  0, 0, 0
L -501.0000, 1819.0000, -310.0000,  -542.0000, 1770.0000, -310.0000,  0, 0, 0
L -458.0000, 1821.0000, -310.0000,  -501.0000, 1819.0000, -310.0000,  0, 0, 0
L -477.0000, 1846.0000, -310.0000,  -458.0000, 1821.0000, -310.0000,  0, 0, 0
L -474.0000, 1919.0000, -310.0000,  -477.0000, 1846.0000, -310.0000,  0, 0, 0
L -607.0000, 1922.0000, -310.0000,  -474.0000, 1919.0000, -310.0000,  0, 0, 0
L -686.0000, 1774.0000, -310.0000,  -607.0000, 1922.0000, -310.0000,  0, 0, 0
L -830.0000, 1769.0000, -310.0000,  -686.0000, 1774.0000, -310.0000,  0, 0, 0
L -556.0000, 2310.0000, -310.0000,  -830.0000, 1769.0000, -310.0000,  0, 0, 0
L -761.0000, 2701.0000, -310.0000,  -556.0000, 2310.0000, -310.0000,  0, 0, 0
L -757.0000, 2733.0000, -310.0000,  -761.0000, 2701.0000, -310.0000,  0, 0, 0
L -712.0000, 2755.0000, -310.0000,  -757.0000, 2733.0000, -310.0000,  0, 0, 0
L -722.0000, 2777.0000, -310.0000,  -712.0000, 2755.0000, -310.0000,  0, 0, 0
L -779.0000, 2746.0000, -310.0000,  -722.0000, 2777.0000, -310.0000,  0, 0, 0
L -1087.0000, 2743.0000, -310.0000,  -779.0000, 2746.0000, -310.0000,  0, 0, 0
L -1085.0000, 2892.0000, -310.0000,  -1087.0000, 2743.0000, -310.0000,  0, 0, 0
L -1224.0000, 2889.0000, -310.0000,  -1085.0000, 2892.0000, -310.0000,  0, 0, 0
L -1219.0000, 3112.0000, -310.0000,  -1224.0000, 2889.0000, -310.0000,  0, 0, 0
L -1077.0000, 3110.0000, -310.0000,  -1219.0000, 3112.0000, -310.0000,  0, 0, 0
L -1068.0000, 3308.0000, -310.0000,  -1077.0000, 3110.0000, -310.0000,  0, 0, 0
L -1238.0000, 3668.0000, -310.0000,  -1068.0000, 3308.0000, -310.0000,  0, 0, 0
L -1286.0000, 3667.0000, -310.0000,  -1238.0000, 3668.0000, -310.0000,  0, 0, 0
L -1549.0000, 3155.0000, -310.0000,  -1286.0000, 3667.0000, -310.0000,  0, 0, 0
L -1652.0000, 3203.0000, -310.0000,  -1549.0000, 3155.0000, -310.0000,  0, 0, 0
L -1297.0000, 3881.0000, -310.0000,  -1652.0000, 3203.0000, -310.0000,  0, 0, 0
L -1296.0000, 4151.0000, -310.0000,  -1297.0000, 3881.0000, -310.0000,  0, 0, 0
L -1433.0000, 4153.0000, -310.0000,  -1296.0000, 4151.0000, -310.0000,  0, 0, 0
L -1434.0000, 4364.0000, -310.0000,  -1433.0000, 4153.0000, -310.0000,  0, 0, 0
L -1306.0000, 4363.0000, -310.0000,  -1434.0000, 4364.0000, -310.0000,  0, 0, 0
L -1461.0000, 4449.0000, -310.0000,  -1305.0000, 4449.0000, -310.0000,  0, 0, 0
L -1462.0000, 4598.0000, -310.0000,  -1461.0000, 4449.0000, -310.0000,  0, 0, 0
L -1545.0000, 4598.0000, -310.0000,  -1462.0000, 4598.0000, -310.0000,  0, 0, 0
L -1549.0000, 4462.0000, -310.0000,  -1545.0000, 4598.0000, -310.0000,  0, 0, 0
L -1667.0000, 4464.0000, -310.0000,  -1549.0000, 4462.0000, -310.0000,  0, 0, 0
L -1702.0000, 4485.0000, -310.0000,  -1667.0000, 4464.0000, -310.0000,  0, 0, 0
L -1699.0000, 4422.0000, -310.0000,  -1702.0000, 4485.0000, -310.0000,  0, 0, 0
L -1812.0000, 4354.0000, -310.0000,  -1699.0000, 4422.0000, -310.0000,  0, 0, 0
L -1932.0000, 4427.0000, -310.0000,  -1812.0000, 4354.0000, -310.0000,  0, 0, 0
L -1932.0000, 4571.0000, -310.0000,  -1932.0000, 4427.0000, -310.0000,  0, 0, 0
L -1814.0000, 4636.0000, -310.0000,  -1932.0000, 4571.0000, -310.0000,  0, 0, 0
L -1699.0000, 4564.0000, -310.0000,  -1814.0000, 4636.0000, -310.0000,  0, 0, 0
L -1701.0000, 4504.0000, -310.0000,  -1699.0000, 4564.0000, -310.0000,  0, 0, 0
L -1669.0000, 4521.0000, -310.0000,  -1701.0000, 4504.0000, -310.0000,  0, 0, 0
L -1610.0000, 4514.0000, -310.0000,  -1669.0000, 4521.0000, -310.0000,  0, 0, 0
L -1608.0000, 4658.0000, -310.0000,  -1610.0000, 4514.0000, -310.0000,  0, 0, 0
L -1406.0000, 4659.0000, -310.0000,  -1608.0000, 4658.0000, -310.0000,  0, 0, 0
L -1405.0000, 4516.0000, -310.0000,  -1406.0000, 4659.0000, -310.0000,  0, 0, 0
L -1160.0000, 4514.0000, -310.0000,  -1405.0000, 4516.0000, -310.0000,  0, 0, 0
L -1372.0000, 4307.0000, -310.0000,  -1236.0000, 4308.0000, -310.0000,  0, 0, 0
L -1370.0000, 4219.0000, -310.0000,  -1372.0000, 4307.0000, -310.0000,  0, 0, 0
L -1225.0000, 4128.0000, -310.0000,  -1226.0000, 4217.0000, -310.0000,  0, 0, 0
L -1136.0000, 4126.0000, -310.0000,  -1225.0000, 4128.0000, -310.0000,  0, 0, 0
L -1136.0000, 4243.0000, -310.0000,  -1136.0000, 4126.0000, -310.0000,  0, 0, 0
L -933.0000, 4110.0000, -310.0000,  -933.0000, 4243.0000, -310.0000,  0, 0, 0
L -844.0000, 4110.0000, -310.0000,  -933.0000, 4110.0000, -310.0000,  0, 0, 0
L -844.0000, 4059.0000, -310.0000,  -844.0000, 4110.0000, -310.0000,  0, 0, 0
L -992.0000, 4059.0000, -310.0000,  -844.0000, 4059.0000, -310.0000,  0, 0, 0
L -992.0000, 4197.0000, -310.0000,  -992.0000, 4059.0000, -310.0000,  0, 0, 0
L -1063.0000, 4070.0000, -310.0000,  -1063.0000, 4197.0000, -310.0000,  0, 0, 0
L -1223.0000, 4068.0000, -310.0000,  -1063.0000, 4070.0000, -310.0000,  0, 0, 0
L -1219.0000, 3877.0000, -310.0000,  -1223.0000, 4068.0000, -310.0000,  0, 0, 0
L -797.0000, 3075.0000, -310.0000,  -1219.0000, 3877.0000, -310.0000,  0, 0, 0
L -757.0000, 3145.0000, -310.0000,  -797.0000, 3075.0000, -310.0000,  0, 0, 0
L -669.0000, 3061.0000, -310.0000,  -757.0000, 3145.0000, -310.0000,  0, 0, 0
L -726.0000, 2931.0000, -310.0000,  -669.0000, 3061.0000, -310.0000,  0, 0, 0
L -865.0000, 2932.0000, -310.0000,  -726.0000, 2931.0000, -310.0000,  0, 0, 0
L -975.0000, 3142.0000, -310.0000,  -865.0000, 2932.0000, -310.0000,  0, 0, 0
L -1011.0000, 3129.0000, -310.0000,  -975.0000, 3142.0000, -310.0000,  0, 0, 0
L -1012.0000, 3043.0000, -310.0000,  -1011.0000, 3129.0000, -310.0000,  0, 0, 0
L -1160.0000, 3043.0000, -310.0000,  -1012.0000, 3043.0000, -310.0000,  0, 0, 0
L -1161.0000, 2969.0000, -310.0000,  -1160.0000, 3043.0000, -310.0000,  0, 0, 0
L -1025.0000, 2969.0000, -310.0000,  -1161.0000, 2969.0000, -310.0000,  0, 0, 0
L -1025.0000, 2815.0000, -310.0000,  -1025.0000, 2969.0000, -310.0000,  0, 0, 0
L -816.0000, 2814.0000, -310.0000,  -1025.0000, 2815.0000, -310.0000,  0, 0, 0
L -688.0000, 2839.0000, -310.0000,  -816.0000, 2814.0000, -310.0000,  0, 0, 0
L -327.0000, 2135.0000, -310.0000,  -688.0000, 2839.0000, -310.0000,  0, 0, 0
L -435.0000, 2095.0000, -310.0000,  -327.0000, 2135.0000, -310.0000,  0, 0, 0
L -458.0000, 2145.0000, -310.0000,  -435.0000, 2095.0000, -310.0000,  0, 0, 0
L -504.0000, 2148.0000, -310.0000,  -458.0000, 2145.0000, -310.0000,  0, 0, 0
L -591.0000, 1986.0000, -310.0000,  -504.0000, 2148.0000, -310.0000,  0, 0, 0
L -238.0000, 1979.0000, -310.0000,  -591.0000, 1986.0000, -310.0000,  0, 0, 0
L -59.0000, 1607.0000, -310.0000,  -238.0000, 1979.0000, -310.0000,  0, 0, 0
L 12.0000, 1599.0000, -310.0000,  -59.0000, 1607.0000, -310.0000,  0, 0, 0
L 444.0000, 1383.0000, -310.0000,  12.0000, 1599.0000, -310.0000,  0, 0, 0
L 558.0000, 1384.0000, -310.0000,  444.0000, 1383.0000, -310.0000,  0, 0, 0
L 558.0000, 1483.0000, -310.0000,  558.0000, 1384.0000, -310.0000,  0, 0, 0
L 419.0000, 1483.0000, -310.0000,  558.0000, 1483.0000, -310.0000,  0, 0, 0
L 419.0000, 1698.0000, -310.0000,  419.0000, 1483.0000, -310.0000,  0, 0, 0
L 544.0000, 1698.0000, -310.0000,  419.0000, 1698.0000, -310.0000,  0, 0, 0
L 546.0000, 1930.0000, -310.0000,  544.0000, 1698.0000, -310.0000,  0, 0, 0
L 493.0000, 1932.0000, -310.0000,  546.0000, 1930.0000, -310.0000,  0, 0, 0
L 495.0000, 2067.0000, -310.0000,  493.0000, 1932.0000, -310.0000,  0, 0, 0
L 346.0000, 2068.0000, -310.0000,  495.0000, 2067.0000, -310.0000,  0, 0, 0
L 346.0000, 2169.0000, -310.0000,  346.0000, 2068.0000, -310.0000,  0, 0, 0
L 259.0000, 2170.0000, -310.0000,  346.0000, 2169.0000, -310.0000,  0, 0, 0
L 260.0000, 2325.0000, -310.0000,  259.0000, 2170.0000, -310.0000,  0, 0, 0
L 215.0000, 2402.0000, -310.0000,  260.0000, 2325.0000, -310.0000,  0, 0, 0
L 140.0000, 2402.0000, -310.0000,  215.0000, 2402.0000, -310.0000,  0, 0, 0
L 141.0000, 2503.0000, -310.0000,  140.0000, 2402.0000, -310.0000,  0, 0, 0
L 174.0000, 2503.0000, -310.0000,  141.0000, 2503.0000, -310.0000,  0, 0, 0
L 174.0000, 2522.0000, -310.0000,  174.0000, 2503.0000, -310.0000,  0, 0, 0
L 140.0000, 2522.0000, -310.0000,  174.0000, 2522.0000, -310.0000,  0, 0, 0
L 141.0000, 2614.0000, -310.0000,  140.0000, 2522.0000, -310.0000,  0, 0, 0
L 279.0000, 2616.0000, -310.0000,  141.0000, 2614.0000, -310.0000,  0, 0, 0
L 280.0000, 2697.0000, -310.0000,  279.0000, 2616.0000, -310.0000,  0, 0, 0
L 94.0000, 2782.0000, -310.0000,  280.0000, 2697.0000, -310.0000,  0, 0, 0
L 108.0000, 2824.0000, -310.0000,  94.0000, 2782.0000, -310.0000,  0, 0, 0
L 84.0000, 2832.0000, -310.0000,  108.0000, 2824.0000, -310.0000,  0, 0, 0
L 71.0000, 2793.0000, -310.0000,  84.0000, 2832.0000, -310.0000,  0, 0, 0
L -202.0000, 2916.0000, -310.0000,  71.0000, 2793.0000, -310.0000,  0, 0, 0
L -201.0000, 3051.0000, -310.0000,  -202.0000, 2916.0000, -310.0000,  0, 0, 0
L -347.0000, 3050.0000, -310.0000,  -201.0000, 3051.0000, -310.0000,  0, 0, 0
L -348.0000, 3181.0000, -310.0000,  -347.0000, 3050.0000, -310.0000,  0, 0, 0
L -599.0000, 3181.0000, -310.0000,  -348.0000, 3181.0000, -310.0000,  0, 0, 0
L -674.0000, 3305.0000, -310.0000,  -599.0000, 3181.0000, -310.0000,  0, 0, 0
L -269.0000, 4116.0000, -310.0000,  -674.0000, 3305.0000, -310.0000,  0, 0, 0
L -205.0000, 3974.0000, -310.0000,  -269.0000, 4116.0000, -310.0000,  0, 0, 0
L -251.0000, 3890.0000, -310.0000,  -205.0000, 3974.0000, -310.0000,  0, 0, 0
L -30.0000, 3795.0000, -310.0000,  -251.0000, 3890.0000, -310.0000,  0, 0, 0
L 65.0000, 3795.0000, -310.0000,  -30.0000, 3795.0000, -310.0000,  0, 0, 0
L 285.0000, 3897.0000, -310.0000,  65.0000, 3795.0000, -310.0000,  0, 0, 0
L 353.0000, 3973.0000, -310.0000,  285.0000, 3897.0000, -310.0000,  0, 0, 0
L 353.0000, 4064.0000, -310.0000,  353.0000, 3973.0000, -310.0000,  0, 0, 0
L 46.0000, 4064.0000, -310.0000,  353.0000, 4064.0000, -310.0000,  0, 0, 0
L 45.0000, 4150.0000, -310.0000,  46.0000, 4064.0000, -310.0000,  0, 0, 0
L 268.0000, 5167.0000, -310.0000,  -58.0000, 4524.0000, -310.0000,  0, 0, 0
L 288.0000, 4935.0000, -310.0000,  512.0000, 5373.0000, -310.0000,  0, 0, 0
L 561.0000, 4542.0000, -310.0000,  420.0000, 4544.0000, -310.0000,  0, 0, 0
L 562.0000, 4464.0000, -310.0000,  561.0000, 4542.0000, -310.0000,  0, 0, 0
L 743.0000, 4463.0000, -310.0000,  562.0000, 4464.0000, -310.0000,  0, 0, 0
L 749.0000, 4511.0000, -310.0000,  743.0000, 4463.0000, -310.0000,  0, 0, 0
L 697.0000, 4685.0000, -310.0000,  749.0000, 4511.0000, -310.0000,  0, 0, 0
L 699.0000, 4817.0000, -310.0000,  697.0000, 4685.0000, -310.0000,  0, 0, 0
L 1226.0000, 5046.0000, -310.0000,  699.0000, 4817.0000, -310.0000,  0, 0, 0
L 1338.0000, 5048.0000, -310.0000,  1226.0000, 5046.0000, -310.0000,  0, 0, 0
L 1341.0000, 5188.0000, -310.0000,  1338.0000, 5048.0000, -310.0000,  0, 0, 0
L 1553.0000, 5185.0000, -310.0000,  1341.0000, 5188.0000, -310.0000,  0, 0, 0
L 1552.0000, 5051.0000, -310.0000,  1553.0000, 5185.0000, -310.0000,  0, 0, 0
L 1640.0000, 5051.0000, -310.0000,  1552.0000, 5051.0000, -310.0000,  0, 0, 0
L 1640.0000, 5213.0000, -310.0000,  1640.0000, 5051.0000, -310.0000,  0, 0, 0
L 1773.0000, 5213.0000, -310.0000,  1640.0000, 5213.0000, -310.0000,  0, 0, 0
L 1774.0000, 5294.0000, -310.0000,  1773.0000, 5213.0000, -310.0000,  0, 0, 0
L 1652.0000, 5296.0000, -310.0000,  1774.0000, 5294.0000, -310.0000,  0, 0, 0
L 1652.0000, 5373.0000, -310.0000,  1652.0000, 5296.0000, -310.0000,  0, 0, 0
L 1714.0000, 5365.0000, -310.0000,  1699.0000, 5364.0000, -310.0000,  0, 0, 0
L 1834.0000, 5364.0000, -310.0000,  1712.0000, 5364.0000, -310.0000,  0, 0, 0
L 1837.0000, 5144.0000, -310.0000,  1834.0000, 5364.0000, -310.0000,  0, 0, 0
L 1706.0000, 5144.0000, -310.0000,  1837.0000, 5144.0000, -310.0000,  0, 0, 0
L 1707.0000, 4911.0000, -310.0000,  1706.0000, 5144.0000, -310.0000,  0, 0, 0
L 1838.0000, 4907.0000, -310.0000,  1707.0000, 4911.0000, -310.0000,  0, 0, 0
L 1884.0000, 4883.0000, -310.0000,  1838.0000, 4907.0000, -310.0000,  0, 0, 0
L 1874.0000, 4948.0000, -310.0000,  1884.0000, 4883.0000, -310.0000,  0, 0, 0
L 1999.0000, 5008.0000, -310.0000,  1874.0000, 4948.0000, -310.0000,  0, 0, 0
L 2120.0000, 4938.0000, -310.0000,  1999.0000, 5008.0000, -310.0000,  0, 0, 0
L 2117.0000, 4803.0000, -310.0000,  2120.0000, 4938.0000, -310.0000,  0, 0, 0
L 1991.0000, 4737.0000, -310.0000,  2117.0000, 4803.0000, -310.0000,  0, 0, 0
L 1877.0000, 4806.0000, -310.0000,  1991.0000, 4737.0000, -310.0000,  0, 0, 0
L 1880.0000, 4866.0000, -310.0000,  1877.0000, 4806.0000, -310.0000,  0, 0, 0
L 1836.0000, 4839.0000, -310.0000,  1880.0000, 4866.0000, -310.0000,  0, 0, 0
L 1637.0000, 4837.0000, -310.0000,  1836.0000, 4839.0000, -310.0000,  0, 0, 0
L 1637.0000, 4992.0000, -310.0000,  1637.0000, 4837.0000, -310.0000,  0, 0, 0
L 1484.0000, 4990.0000, -310.0000,  1637.0000, 4992.0000, -310.0000,  0, 0, 0
L 1486.0000, 5126.0000, -310.0000,  1484.0000, 4990.0000, -310.0000,  0, 0, 0
L 1399.0000, 5129.0000, -310.0000,  1486.0000, 5126.0000, -310.0000,  0, 0, 0
L 1400.0000, 4984.0000, -310.0000,  1399.0000, 5129.0000, -310.0000,  0, 0, 0
L 1222.0000, 4986.0000, -310.0000,  1400.0000, 4984.0000, -310.0000,  0, 0, 0
L 759.0000, 4769.0000, -310.0000,  1222.0000, 4986.0000, -310.0000,  0, 0, 0
L 774.0000, 4686.0000, -310.0000,  759.0000, 4769.0000, -310.0000,  0, 0, 0
L 836.0000, 4647.0000, -310.0000,  774.0000, 4686.0000, -310.0000,  0, 0, 0
L 805.0000, 4582.0000, -310.0000,  836.0000, 4647.0000, -310.0000,  0, 0, 0
L 859.0000, 4555.0000, -310.0000,  805.0000, 4582.0000, -310.0000,  0, 0, 0
L 875.0000, 4577.0000, -310.0000,  859.0000, 4555.0000, -310.0000,  0, 0, 0
L 838.0000, 4598.0000, -310.0000,  875.0000, 4577.0000, -310.0000,  0, 0, 0
L 861.0000, 4639.0000, -310.0000,  838.0000, 4598.0000, -310.0000,  0, 0, 0
L 932.0000, 4599.0000, -310.0000,  861.0000, 4639.0000, -310.0000,  0, 0, 0
L 929.0000, 4482.0000, -310.0000,  932.0000, 4599.0000, -310.0000,  0, 0, 0
L 812.0000, 4479.0000, -310.0000,  929.0000, 4482.0000, -310.0000,  0, 0, 0
L 811.0000, 4300.0000, -310.0000,  812.0000, 4479.0000, -310.0000,  0, 0, 0
L 943.0000, 4300.0000, -310.0000,  811.0000, 4300.0000, -310.0000,  0, 0, 0
L 949.0000, 4058.0000, -310.0000,  943.0000, 4300.0000, -310.0000,  0, 0, 0
L 1084.0000, 4059.0000, -310.0000,  949.0000, 4058.0000, -310.0000,  0, 0, 0
L 1087.0000, 3921.0000, -310.0000,  1084.0000, 4059.0000, -310.0000,  0, 0, 0
L 1207.0000, 3924.0000, -310.0000,  1087.0000, 3921.0000, -310.0000,  0, 0, 0
L 1435.0000, 4026.0000, -310.0000,  1207.0000, 3924.0000, -310.0000,  0, 0, 0
L 1069.0000, 4738.0000, -310.0000,  1435.0000, 4026.0000, -310.0000,  0, 0, 0
L 1086.0000, 4750.0000, -310.0000,  1069.0000, 4738.0000, -310.0000,  0, 0, 0
L 1125.0000, 4695.0000, -310.0000,  1086.0000, 4750.0000, -310.0000,  0, 0, 0
L 1141.0000, 4706.0000, -310.0000,  1125.0000, 4695.0000, -310.0000,  0, 0, 0
L 1099.0000, 4783.0000, -310.0000,  1141.0000, 4706.0000, -310.0000,  0, 0, 0
L 1178.0000, 4810.0000, -310.0000,  1099.0000, 4783.0000, -310.0000,  0, 0, 0
L 1689.0000, 3821.0000, -310.0000,  1178.0000, 4810.0000, -310.0000,  0, 0, 0
L 1866.0000, 3822.0000, -310.0000,  1689.0000, 3821.0000, -310.0000,  0, 0, 0
L 1865.0000, 3955.0000, -310.0000,  1866.0000, 3822.0000, -310.0000,  0, 0, 0
L 2064.0000, 3960.0000, -310.0000,  1865.0000, 3955.0000, -310.0000,  0, 0, 0
L 2064.0000, 3888.0000, -310.0000,  2064.0000, 3960.0000, -310.0000,  0, 0, 0
L 2003.0000, 3888.0000, -310.0000,  2064.0000, 3888.0000, -310.0000,  0, 0, 0
L 2003.0000, 3913.0000, -310.0000,  2003.0000, 3888.0000, -310.0000,  0, 0, 0
L 1921.0000, 3915.0000, -310.0000,  2003.0000, 3913.0000, -310.0000,  0, 0, 0
L 1916.0000, 3745.0000, -310.0000,  1921.0000, 3915.0000, -310.0000,  0, 0, 0
L 1724.0000, 3748.0000, -310.0000,  1916.0000, 3745.0000, -310.0000,  0, 0, 0
L 1828.0000, 3550.0000, -310.0000,  1724.0000, 3748.0000, -310.0000,  0, 0, 0
L 1674.0000, 3547.0000, -310.0000,  1828.0000, 3550.0000, -310.0000,  0, 0, 0
L 1463.0000, 3953.0000, -310.0000,  1674.0000, 3547.0000, -310.0000,  0, 0, 0
L 1234.0000, 3848.0000, -310.0000,  1463.0000, 3953.0000, -310.0000,  0, 0, 0
L 1031.0000, 3847.0000, -310.0000,  1234.0000, 3848.0000, -310.0000,  0, 0, 0
L 1032.0000, 3989.0000, -310.0000,  1031.0000, 3847.0000, -310.0000,  0, 0, 0
L 943.0000, 3988.0000, -310.0000,  1032.0000, 3989.0000, -310.0000,  0, 0, 0
L 942.0000, 3869.0000, -310.0000,  943.0000, 3988.0000, -310.0000,  0, 0, 0
L 802.0000, 3869.0000, -310.0000,  942.0000, 3869.0000, -310.0000,  0, 0, 0
L 804.0000, 3717.0000, -310.0000,  802.0000, 3869.0000, -310.0000,  0, 0, 0
L 506.0000, 3717.0000, -310.0000,  804.0000, 3717.0000, -310.0000,  0, 0, 0
L 505.0000, 3591.0000, -310.0000,  506.0000, 3717.0000, -310.0000,  0, 0, 0
L 350.0000, 3591.0000, -310.0000,  505.0000, 3591.0000, -310.0000,  0, 0, 0
L 354.0000, 3282.0000, -310.0000,  350.0000, 3591.0000, -310.0000,  0, 0, 0
L 290.0000, 3282.0000, -310.0000,  354.0000, 3282.0000, -310.0000,  0, 0, 0
L 291.0000, 3343.0000, -310.0000,  290.0000, 3282.0000, -310.0000,  0, 0, 0
L 34.0000, 3340.0000, -310.0000,  291.0000, 3343.0000, -310.0000,  0, 0, 0
L 32.0000, 3211.0000, -310.0000,  34.0000, 3340.0000, -310.0000,  0, 0, 0
L -129.0000, 3211.0000, -310.0000,  32.0000, 3211.0000, -310.0000,  0, 0, 0
L -134.0000, 2976.0000, -310.0000,  -129.0000, 3211.0000, -310.0000,  0, 0, 0
L -51.0000, 2937.0000, -310.0000,  -134.0000, 2976.0000, -310.0000,  0, 0, 0
L -71.0000, 2904.0000, -310.0000,  -51.0000, 2937.0000, -310.0000,  0, 0, 0
L -45.0000, 2887.0000, -310.0000,  -71.0000, 2904.0000, -310.0000,  0, 0, 0
L -28.0000, 2928.0000, -310.0000,  -45.0000, 2887.0000, -310.0000,  0, 0, 0
L 243.0000, 2799.0000, -310.0000,  -28.0000, 2928.0000, -310.0000,  0, 0, 0
L 226.0000, 2761.0000, -310.0000,  243.0000, 2799.0000, -310.0000,  0, 0, 0
L 246.0000, 2752.0000, -310.0000,  226.0000, 2761.0000, -310.0000,  0, 0, 0
L 263.0000, 2791.0000, -310.0000,  246.0000, 2752.0000, -310.0000,  0, 0, 0
L 336.0000, 2757.0000, -310.0000,  263.0000, 2791.0000, -310.0000,  0, 0, 0
L 336.0000, 2548.0000, -310.0000,  336.0000, 2757.0000, -310.0000,  0, 0, 0
L 210.0000, 2547.0000, -310.0000,  336.0000, 2548.0000, -310.0000,  0, 0, 0
L 212.0000, 2465.0000, -310.0000,  210.0000, 2547.0000, -310.0000,  0, 0, 0
L 356.0000, 2462.0000, -310.0000,  212.0000, 2465.0000, -310.0000,  0, 0, 0
L 356.0000, 2308.0000, -310.0000,  356.0000, 2462.0000, -310.0000,  0, 0, 0
L 409.0000, 2228.0000, -310.0000,  356.0000, 2308.0000, -310.0000,  0, 0, 0
L 407.0000, 2136.0000, -310.0000,  409.0000, 2228.0000, -310.0000,  0, 0, 0
L 559.0000, 2137.0000, -310.0000,  407.0000, 2136.0000, -310.0000,  0, 0, 0
L 565.0000, 2001.0000, -310.0000,  559.0000, 2137.0000, -310.0000,  0, 0, 0
L 647.0000, 2001.0000, -310.0000,  565.0000, 2001.0000, -310.0000,  0, 0, 0
L 650.0000, 2150.0000, -310.0000,  647.0000, 2001.0000, -310.0000,  0, 0, 0
L 805.0000, 2150.0000, -310.0000,  650.0000, 2150.0000, -310.0000,  0, 0, 0
L 806.0000, 2227.0000, -310.0000,  805.0000, 2150.0000, -310.0000,  0, 0, 0
L 670.0000, 2226.0000, -310.0000,  806.0000, 2227.0000, -310.0000,  0, 0, 0
L 671.0000, 2432.0000, -310.0000,  670.0000, 2226.0000, -310.0000,  0, 0, 0
L 816.0000, 2431.0000, -310.0000,  671.0000, 2432.0000, -310.0000,  0, 0, 0
L 819.0000, 2465.0000, -310.0000,  816.0000, 2431.0000, -310.0000,  0, 0, 0
L 882.0000, 2460.0000, -310.0000,  819.0000, 2465.0000, -310.0000,  0, 0, 0
L 880.0000, 2376.0000, -310.0000,  882.0000, 2460.0000, -310.0000,  0, 0, 0
L 728.0000, 2375.0000, -310.0000,  880.0000, 2376.0000, -310.0000,  0, 0, 0
L 723.0000, 2293.0000, -310.0000,  728.0000, 2375.0000, -310.0000,  0, 0, 0
L 748.0000, 2295.0000, -310.0000,  723.0000, 2293.0000, -310.0000,  0, 0, 0
L 870.0000, 2294.0000, -310.0000,  748.0000, 2295.0000, -310.0000,  0, 0, 0
L 870.0000, 2145.0000, -310.0000,  870.0000, 2294.0000, -310.0000,  0, 0, 0
L 1032.0000, 2143.0000, -310.0000,  870.0000, 2145.0000, -310.0000,  0, 0, 0
L 1032.0000, 1850.0000, -310.0000,  1032.0000, 2143.0000, -310.0000,  0, 0, 0
L 1169.0000, 1851.0000, -310.0000,  1032.0000, 1850.0000, -310.0000,  0, 0, 0
L 1170.0000, 1704.0000, -310.0000,  1169.0000, 1851.0000, -310.0000,  0, 0, 0
L 1373.0000, 1705.0000, -310.0000,  1170.0000, 1704.0000, -310.0000,  0, 0, 0
L 1855.0000, 2665.0000, -310.0000,  1373.0000, 1705.0000, -310.0000,  0, 0, 0
L 1766.0000, 2666.0000, -310.0000,  1855.0000, 2665.0000, -310.0000,  0, 0, 0
L 1767.0000, 2819.0000, -310.0000,  1766.0000, 2666.0000, -310.0000,  0, 0, 0
L 1631.0000, 2820.0000, -310.0000,  1767.0000, 2819.0000, -310.0000,  0, 0, 0
L 1632.0000, 2991.0000, -310.0000,  1631.0000, 2820.0000, -310.0000,  0, 0, 0
L 1496.0000, 2997.0000, -310.0000,  1632.0000, 2991.0000, -310.0000,  0, 0, 0
L 1497.0000, 3088.0000, -310.0000,  1496.0000, 2997.0000, -310.0000,  0, 0, 0
L 1410.0000, 3092.0000, -310.0000,  1497.0000, 3088.0000, -310.0000,  0, 0, 0
L 1394.0000, 3099.0000, -310.0000,  1410.0000, 3092.0000, -310.0000,  0, 0, 0
L 1395.0000, 3061.0000, -310.0000,  1394.0000, 3099.0000, -310.0000,  0, 0, 0
L 1346.0000, 3013.0000, -310.0000,  1395.0000, 3061.0000, -310.0000,  0, 0, 0
L 1267.0000, 3012.0000, -310.0000,  1346.0000, 3013.0000, -310.0000,  0, 0, 0
L 1211.0000, 3068.0000, -310.0000,  1267.0000, 3012.0000, -310.0000,  0, 0, 0
L 1212.0000, 3149.0000, -310.0000,  1211.0000, 3068.0000, -310.0000,  0, 0, 0
L 1266.0000, 3202.0000, -310.0000,  1212.0000, 3149.0000, -310.0000,  0, 0, 0
L 1348.0000, 3202.0000, -310.0000,  1266.0000, 3202.0000, -310.0000,  0, 0, 0
L 1394.0000, 3155.0000, -310.0000,  1348.0000, 3202.0000, -310.0000,  0, 0, 0
L 1394.0000, 3110.0000, -310.0000,  1394.0000, 3155.0000, -310.0000,  0, 0, 0
L 1418.0000, 3123.0000, -310.0000,  1394.0000, 3110.0000, -310.0000,  0, 0, 0
L 1495.0000, 3121.0000, -310.0000,  1418.0000, 3123.0000, -310.0000,  0, 0, 0
L 1495.0000, 3205.0000, -310.0000,  1495.0000, 3121.0000, -310.0000,  0, 0, 0
L 1629.0000, 3206.0000, -310.0000,  1495.0000, 3205.0000, -310.0000,  0, 0, 0
L 1631.0000, 3369.0000, -310.0000,  1629.0000, 3206.0000, -310.0000,  0, 0, 0
L 1907.0000, 3368.0000, -310.0000,  1631.0000, 3369.0000, -310.0000,  0, 0, 0
L 2064.0000, 3064.0000, -310.0000,  1907.0000, 3368.0000, -310.0000,  0, 0, 0
L 2358.0000, 3615.0000, -310.0000,  2064.0000, 3064.0000, -310.0000,  0, 0, 0
L 2167.0000, 3618.0000, -310.0000,  2358.0000, 3615.0000, -310.0000,  0, 0, 0
L 2173.0000, 3781.0000, -310.0000,  2167.0000, 3618.0000, -310.0000,  0, 0, 0
L 2160.0000, 3782.0000, -310.0000,  2173.0000, 3781.0000, -310.0000,  0, 0, 0
L 2163.0000, 3826.0000, -310.0000,  2160.0000, 3782.0000, -310.0000,  0, 0, 0
L 2175.0000, 3826.0000, -310.0000,  2163.0000, 3826.0000, -310.0000,  0, 0, 0
L 2173.0000, 4002.0000, -310.0000,  2175.0000, 3826.0000, -310.0000,  0, 0, 0
L 2292.0000, 4002.0000, -310.0000,  2173.0000, 4002.0000, -310.0000,  0, 0, 0
L 2294.0000, 4072.0000, -310.0000,  2292.0000, 4002.0000, -310.0000,  0, 0, 0
L 2164.0000, 4073.0000, -310.0000,  2294.0000, 4072.0000, -310.0000,  0, 0, 0
L 2164.0000, 4239.0000, -310.0000,  2164.0000, 4073.0000, -310.0000,  0, 0, 0
L 2017.0000, 4240.0000, -310.0000,  2164.0000, 4239.0000, -310.0000,  0, 0, 0
L 1940.0000, 4210.0000, -310.0000,  2017.0000, 4240.0000, -310.0000,  0, 0, 0
L 1913.0000, 4215.0000, -310.0000,  1940.0000, 4210.0000, -310.0000,  0, 0, 0
L 1925.0000, 4180.0000, -310.0000,  1913.0000, 4215.0000, -310.0000,  0, 0, 0
L 1907.0000, 4123.0000, -310.0000,  1925.0000, 4180.0000, -310.0000,  0, 0, 0
L 1831.0000, 4088.0000, -310.0000,  1907.0000, 4123.0000, -310.0000,  0, 0, 0
L 1752.0000, 4117.0000, -310.0000,  1831.0000, 4088.0000, -310.0000,  0, 0, 0
L 1731.0000, 4197.0000, -310.0000,  1752.0000, 4117.0000, -310.0000,  0, 0, 0
L 1770.0000, 4265.0000, -310.0000,  1731.0000, 4197.0000, -310.0000,  0, 0, 0
L 1834.0000, 4285.0000, -310.0000,  1770.0000, 4265.0000, -310.0000,  0, 0, 0
L 1880.0000, 4268.0000, -310.0000,  1834.0000, 4285.0000, -310.0000,  0, 0, 0
L 1904.0000, 4230.0000, -310.0000,  1880.0000, 4268.0000, -310.0000,  0, 0, 0
L 1915.0000, 4262.0000, -310.0000,  1904.0000, 4230.0000, -310.0000,  0, 0, 0
L 1994.0000, 4296.0000, -310.0000,  1915.0000, 4262.0000, -310.0000,  0, 0, 0
L 2076.0000, 4291.0000, -310.0000,  1994.0000, 4296.0000, -310.0000,  0, 0, 0
L 2067.0000, 4374.0000, -310.0000,  2076.0000, 4291.0000, -310.0000,  0, 0, 0
L 2119.0000, 4375.0000, -310.0000,  2067.0000, 4374.0000, -310.0000,  0, 0, 0
L 2121.0000, 4290.0000, -310.0000,  2119.0000, 4375.0000, -310.0000,  0, 0, 0
L 2229.0000, 4295.0000, -310.0000,  2121.0000, 4290.0000, -310.0000,  0, 0, 0
L 2233.0000, 4146.0000, -310.0000,  2229.0000, 4295.0000, -310.0000,  0, 0, 0
L 2361.0000, 4146.0000, -310.0000,  2233.0000, 4146.0000, -310.0000,  0, 0, 0
L 2359.0000, 3925.0000, -310.0000,  2361.0000, 4146.0000, -310.0000,  0, 0, 0
L 2244.0000, 3924.0000, -310.0000,  2359.0000, 3925.0000, -310.0000,  0, 0, 0
L 2246.0000, 3687.0000, -310.0000,  2244.0000, 3924.0000, -310.0000,  0, 0, 0
L 2382.0000, 3686.0000, -310.0000,  2246.0000, 3687.0000, -310.0000,  0, 0, 0
L 2448.0000, 3810.0000, -310.0000,  2382.0000, 3686.0000, -310.0000,  0, 0, 0
L 2612.0000, 3806.0000, -310.0000,  2448.0000, 3810.0000, -310.0000,  0, 0, 0
L 2910.0000, 3214.0000, -310.0000,  2612.0000, 3806.0000, -310.0000,  0, 0, 0
L 2818.0000, 3154.0000, -310.0000,  2910.0000, 3214.0000, -310.0000,  0, 0, 0
L 2775.0000, 3211.0000, -310.0000,  2818.0000, 3154.0000, -310.0000,  0, 0, 0
L 2533.0000, 3210.0000, -310.0000,  2775.0000, 3211.0000, -310.0000,  0, 0, 0
L 2532.0000, 3074.0000, -310.0000,  2533.0000, 3210.0000, -310.0000,  0, 0, 0
L 2372.0000, 3073.0000, -310.0000,  2532.0000, 3074.0000, -310.0000,  0, 0, 0
L 2373.0000, 3032.0000, -310.0000,  2372.0000, 3073.0000, -310.0000,  0, 0, 0
L 2359.0000, 2989.0000, -310.0000,  2373.0000, 3032.0000, -310.0000,  0, 0, 0
L 2416.0000, 2988.0000, -310.0000,  2359.0000, 2989.0000, -310.0000,  0, 0, 0
L 2481.0000, 2875.0000, -310.0000,  2416.0000, 2988.0000, -310.0000,  0, 0, 0
L 2409.0000, 2758.0000, -310.0000,  2481.0000, 2875.0000, -310.0000,  0, 0, 0
L 2269.0000, 2763.0000, -310.0000,  2409.0000, 2758.0000, -310.0000,  0, 0, 0
L 2204.0000, 2876.0000, -310.0000,  2269.0000, 2763.0000, -310.0000,  0, 0, 0
L 2277.0000, 2994.0000, -310.0000,  2204.0000, 2876.0000, -310.0000,  0, 0, 0
L 2327.0000, 2990.0000, -310.0000,  2277.0000, 2994.0000, -310.0000,  0, 0, 0
L 2312.0000, 3025.0000, -310.0000,  2327.0000, 2990.0000, -310.0000,  0, 0, 0
L 2310.0000, 3244.0000, -310.0000,  2312.0000, 3025.0000, -310.0000,  0, 0, 0
L 2298.0000, 3247.0000, -310.0000,  2310.0000, 3244.0000, -310.0000,  0, 0, 0
L 2070.0000, 2814.0000, -310.0000,  2298.0000, 3247.0000, -310.0000,  0, 0, 0
L 1973.0000, 2874.0000, -310.0000,  2070.0000, 2814.0000, -310.0000,  0, 0, 0
L 2002.0000, 2920.0000, -310.0000,  1973.0000, 2874.0000, -310.0000,  0, 0, 0
L 1809.0000, 3291.0000, -310.0000,  2002.0000, 2920.0000, -310.0000,  0, 0, 0
L 1692.0000, 3290.0000, -310.0000,  1809.0000, 3291.0000, -310.0000,  0, 0, 0
L 1691.0000, 3139.0000, -310.0000,  1692.0000, 3290.0000, -310.0000,  0, 0, 0
L 1552.0000, 3137.0000, -310.0000,  1691.0000, 3139.0000, -310.0000,  0, 0, 0
L 1554.0000, 3053.0000, -310.0000,  1552.0000, 3137.0000, -310.0000,  0, 0, 0
L 1704.0000, 3052.0000, -310.0000,  1554.0000, 3053.0000, -310.0000,  0, 0, 0
L 1706.0000, 2896.0000, -310.0000,  1704.0000, 3052.0000, -310.0000,  0, 0, 0
L 1827.0000, 2895.0000, -310.0000,  1706.0000, 2896.0000, -310.0000,  0, 0, 0
L 1829.0000, 2730.0000, -310.0000,  1827.0000, 2895.0000, -310.0000,  0, 0, 0
L 1884.0000, 2727.0000, -310.0000,  1829.0000, 2730.0000, -310.0000,  0, 0, 0
L 1983.0000, 2642.0000, -310.0000,  1884.0000, 2727.0000, -310.0000,  0, 0, 0
L 1820.0000, 2312.0000, -310.0000,  1983.0000, 2642.0000, -310.0000,  0, 0, 0
L 2016.0000, 1896.0000, -310.0000,  1820.0000, 2312.0000, -310.0000,  0, 0, 0
L 1972.0000, 1875.0000, -310.0000,  2016.0000, 1896.0000, -310.0000,  0, 0, 0
L 1982.0000, 1855.0000, -310.0000,  1972.0000, 1875.0000, -310.0000,  0, 0, 0
L 2029.0000, 1878.0000, -310.0000,  1982.0000, 1855.0000, -310.0000,  0, 0, 0
L 2261.0000, 1422.0000, -310.0000,  2029.0000, 1878.0000, -310.0000,  0, 0, 0
L 2155.0000, 1373.0000, -310.0000,  2261.0000, 1422.0000, -310.0000,  0, 0, 0
L 1743.0000, 2146.0000, -310.0000,  2155.0000, 1373.0000, -310.0000,  0, 0, 0
L 1574.0000, 1831.0000, -310.0000,  1743.0000, 2146.0000, -310.0000,  0, 0, 0
L 1795.0000, 1831.0000, -310.0000,  1574.0000, 1831.0000, -310.0000,  0, 0, 0
L 1799.0000, 1654.0000, -310.0000,  1795.0000, 1831.0000, -310.0000,  0, 0, 0
L 1870.0000, 1646.0000, -310.0000,  1799.0000, 1654.0000, -310.0000,  0, 0, 0
L 1871.0000, 1581.0000, -310.0000,  1870.0000, 1646.0000, -310.0000,  0, 0, 0
L 1735.0000, 1581.0000, -310.0000,  1871.0000, 1581.0000, -310.0000,  0, 0, 0
L 1734.0000, 1751.0000, -310.0000,  1735.0000, 1581.0000, -310.0000,  0, 0, 0
L 1538.0000, 1752.0000, -310.0000,  1734.0000, 1751.0000, -310.0000,  0, 0, 0
L 1456.0000, 1624.0000, -310.0000,  1538.0000, 1752.0000, -310.0000,  0, 0, 0
L 1011.0000, 1625.0000, -310.0000,  1456.0000, 1624.0000, -310.0000,  0, 0, 0
L 1011.0000, 1539.0000, -310.0000,  1011.0000, 1625.0000, -310.0000,  0, 0, 0
L 1078.0000, 1536.0000, -310.0000,  1011.0000, 1539.0000, -310.0000,  0, 0, 0
L 1078.0000, 1411.0000, -310.0000,  1078.0000, 1536.0000, -310.0000,  0, 0, 0
L 1222.0000, 1410.0000, -310.0000,  1078.0000, 1411.0000, -310.0000,  0, 0, 0
L 1245.0000, 1448.0000, -310.0000,  1222.0000, 1410.0000, -310.0000,  0, 0, 0
L 1348.0000, 1410.0000, -310.0000,  1245.0000, 1448.0000, -310.0000,  0, 0, 0
L 1329.0000, 1367.0000, -310.0000,  1348.0000, 1410.0000, -310.0000,  0, 0, 0
L 1443.0000, 1367.0000, -310.0000,  1329.0000, 1367.0000, -310.0000,  0, 0, 0
L 1443.0000, 1489.0000, -310.0000,  1443.0000, 1367.0000, -310.0000,  0, 0, 0
L 1661.0000, 1489.0000, -310.0000,  1443.0000, 1489.0000, -310.0000,  0, 0, 0
L 1662.0000, 1354.0000, -310.0000,  1661.0000, 1489.0000, -310.0000,  0, 0, 0
L 1811.0000, 1354.0000, -310.0000,  1662.0000, 1354.0000, -310.0000,  0, 0, 0
L 1810.0000, 1214.0000, -310.0000,  1811.0000, 1354.0000, -310.0000,  0, 0, 0
L 1943.0000, 1213.0000, -310.0000,  1810.0000, 1214.0000, -310.0000,  0, 0, 0
L 1940.0000, 1050.0000, -310.0000,  1943.0000, 1213.0000, -310.0000,  0, 0, 0
L 2019.0000, 1051.0000, -310.0000,  1940.0000, 1050.0000, -310.0000,  0, 0, 0
L 2021.0000, 1164.0000, -310.0000,  2019.0000, 1051.0000, -310.0000,  0, 0, 0
L 2276.0000, 1166.0000, -310.0000,  2021.0000, 1164.0000, -310.0000,  0, 0, 0
L 2368.0000, 1203.0000, -310.0000,  2276.0000, 1166.0000, -310.0000,  0, 0, 0
L 2384.0000, 1175.0000, -310.0000,  2368.0000, 1203.0000, -310.0000,  0, 0, 0
L 2575.0000, 791.0000, -310.0000,  2386.0000, 1174.0000, -310.0000,  0, 0, 0
L 2731.0000, 655.0000, -310.0000,  2575.0000, 791.0000, -310.0000,  0, 0, 0
L 3191.0000, 579.0000, -310.0000,  2731.0000, 655.0000, -310.0000,  0, 0, 0
L 3501.0000, 724.0000, -310.0000,  3191.0000, 579.0000, -310.0000,  0, 0, 0
L 3667.0000, 1070.0000, -310.0000,  3501.0000, 724.0000, -310.0000,  0, 0, 0
L 3696.0000, 1456.0000, -310.0000,  3667.0000, 1070.0000, -310.0000,  0, 0, 0
L 3382.0000, 1754.0000, -310.0000,  3696.0000, 1456.0000, -310.0000,  0, 0, 0
L 3022.0000, 1727.0000, -310.0000,  3382.0000, 1754.0000, -310.0000,  0, 0, 0
L 2865.0000, 1490.0000, -310.0000,  3022.0000, 1727.0000, -310.0000,  0, 0, 0
L 2876.0000, 1243.0000, -310.0000,  2865.0000, 1490.0000, -310.0000,  0, 0, 0
L 3137.0000, 1062.0000, -310.0000,  2876.0000, 1243.0000, -310.0000,  0, 0, 0
L 3067.0000, 948.0000, -310.0000,  3137.0000, 1062.0000, -310.0000,  0, 0, 0
L 560.0000, 4377.0000, -310.0000,  558.0000, 4233.0000, -310.0000,  0, 0, 0
L 558.0000, 4233.0000, -310.0000,  414.0000, 4233.0000, -310.0000,  0, 0, 0
L 49.0000, 4149.0000, -310.0000,  358.0000, 4150.0000, -310.0000,  0, 0, 0
L 358.0000, 4150.0000, -310.0000,  357.0000, 4287.0000, -310.0000,  0, 0, 0
L 357.0000, 4287.0000, -310.0000,  499.0000, 4291.0000, -310.0000,  0, 0, 0
L 499.0000, 4291.0000, -310.0000,  499.0000, 4472.0000, -310.0000,  0, 0, 0
L 499.0000, 4472.0000, -310.0000,  366.0000, 4471.0000, -310.0000,  0, 0, 0
L 366.0000, 4471.0000, -310.0000,  360.0000, 4684.0000, -310.0000,  0, 0, 0
L 360.0000, 4684.0000, -310.0000,  492.0000, 4688.0000, -310.0000,  0, 0, 0
L 492.0000, 4688.0000, -310.0000,  491.0000, 4765.0000, -310.0000,  0, 0, 0
L 491.0000, 4765.0000, -310.0000,  261.0000, 4875.0000, -310.0000,  0, 0, 0
L 261.0000, 4875.0000, -310.0000,  197.0000, 4768.0000, -310.0000,  0, 0, 0
L 197.0000, 4768.0000, -310.0000,  175.0000, 4780.0000, -310.0000,  0, 0, 0
L 175.0000, 4780.0000, -310.0000,  162.0000, 4756.0000, -310.0000,  0, 0, 0
L 162.0000, 4756.0000, -310.0000,  182.0000, 4744.0000, -310.0000,  0, 0, 0
L 182.0000, 4744.0000, -310.0000,  -80.0000, 4201.0000, -310.0000,  0, 0, 0
L -80.0000, 4201.0000, -310.0000,  -143.0000, 4356.0000, -310.0000,  0, 0, 0
L -143.0000, 4356.0000, -310.0000,  -71.0000, 4498.0000, -310.0000,  0, 0, 0
L -71.0000, 4498.0000, -310.0000,  -49.0000, 4488.0000, -310.0000,  0, 0, 0
L -49.0000, 4488.0000, -310.0000,  -73.0000, 4439.0000, -310.0000,  0, 0, 0
L -73.0000, 4439.0000, -310.0000,  -53.0000, 4430.0000, -310.0000,  0, 0, 0
L -53.0000, 4430.0000, -310.0000,  -18.0000, 4505.0000, -310.0000,  0, 0, 0
L -18.0000, 4505.0000, -310.0000,  -60.0000, 4525.0000, -310.0000,  0, 0, 0
L 418.0000, 4545.0000, -310.0000,  417.0000, 4627.0000, -310.0000,  0, 0, 0
L 417.0000, 4627.0000, -310.0000,  549.0000, 4627.0000, -310.0000,  0, 0, 0
L 549.0000, 4627.0000, -310.0000,  547.0000, 4768.0000, -310.0000,  0, 0, 0
L 547.0000, 4768.0000, -310.0000,  614.0000, 4768.0000, -310.0000,  0, 0, 0
L 614.0000, 4768.0000, -310.0000,  614.0000, 4818.0000, -310.0000,  0, 0, 0
L 614.0000, 4818.0000, -310.0000,  525.0000, 4818.0000, -310.0000,  0, 0, 0
L 525.0000, 4818.0000, -310.0000,  290.0000, 4935.0000, -310.0000,  0, 0, 0
L -1137.0000, 4247.0000, -310.0000,  -932.0000, 4247.0000, -310.0000,  0, 0, 0
L -993.0000, 4199.0000, -310.0000,  -1060.0000, 4199.0000, -310.0000,  0, 0, 0
L -1225.0000, 4216.0000, -310.0000,  -1371.0000, 4216.0000, -310.0000,  0, 0, 0
L -1306.0000, 4363.0000, -310.0000,  -1306.0000, 4450.0000, -310.0000,  0, 0, 0
L -1238.0000, 4307.0000, -310.0000,  -1238.0000, 4459.0000, -310.0000,  0, 0, 0
L -1238.0000, 4459.0000, -310.0000,  -1086.0000, 4458.0000, -310.0000,  0, 0, 0
L -1086.0000, 4458.0000, -310.0000,  -1086.0000, 4592.0000, -310.0000,  0, 0, 0
L -1086.0000, 4592.0000, -310.0000,  -821.0000, 4592.0000, -310.0000,  0, 0, 0
L -821.0000, 4592.0000, -310.0000,  -821.0000, 4509.0000, -310.0000,  0, 0, 0
L -821.0000, 4509.0000, -310.0000,  -806.0000, 4486.0000, -310.0000,  0, 0, 0
L -806.0000, 4486.0000, -310.0000,  -851.0000, 4486.0000, -310.0000,  0, 0, 0
L -851.0000, 4486.0000, -310.0000,  -894.0000, 4436.0000, -310.0000,  0, 0, 0
L -894.0000, 4436.0000, -310.0000,  -894.0000, 4358.0000, -310.0000,  0, 0, 0
L -894.0000, 4358.0000, -310.0000,  -841.0000, 4302.0000, -310.0000,  0, 0, 0
L -841.0000, 4302.0000, -310.0000,  -757.0000, 4302.0000, -310.0000,  0, 0, 0
L -757.0000, 4302.0000, -310.0000,  -702.0000, 4359.0000, -310.0000,  0, 0, 0
L -702.0000, 4359.0000, -310.0000,  -702.0000, 4440.0000, -310.0000,  0, 0, 0
L -702.0000, 4440.0000, -310.0000,  -754.0000, 4488.0000, -310.0000,  0, 0, 0
L -754.0000, 4488.0000, -310.0000,  -794.0000, 4488.0000, -310.0000,  0, 0, 0
L -794.0000, 4488.0000, -310.0000,  -773.0000, 4507.0000, -310.0000,  0, 0, 0
L -773.0000, 4507.0000, -310.0000,  -773.0000, 4810.0000, -310.0000,  0, 0, 0
L -773.0000, 4810.0000, -310.0000,  -824.0000, 4810.0000, -310.0000,  0, 0, 0
L -824.0000, 4810.0000, -310.0000,  -824.0000, 4637.0000, -310.0000,  0, 0, 0
L -824.0000, 4637.0000, -310.0000,  -935.0000, 4637.0000, -310.0000,  0, 0, 0
L -935.0000, 4637.0000, -310.0000,  -935.0000, 4786.0000, -310.0000,  0, 0, 0
L -935.0000, 4786.0000, -310.0000,  -1071.0000, 4786.0000, -310.0000,  0, 0, 0
L -1071.0000, 4786.0000, -310.0000,  -1071.0000, 4823.0000, -310.0000,  0, 0, 0
L -1071.0000, 4823.0000, -310.0000,  -1066.0000, 4832.0000, -310.0000,  0, 0, 0
L -1066.0000, 4832.0000, -310.0000,  -1066.0000, 4896.0000, -310.0000,  0, 0, 0
L -1066.0000, 4896.0000, -310.0000,  -1118.0000, 4896.0000, -310.0000,  0, 0, 0
L -1118.0000, 4896.0000, -310.0000,  -1118.0000, 4729.0000, -310.0000,  0, 0, 0
L -1118.0000, 4729.0000, -310.0000,  -985.0000, 4729.0000, -310.0000,  0, 0, 0
L -985.0000, 4729.0000, -310.0000,  -985.0000, 4637.0000, -310.0000,  0, 0, 0
L -985.0000, 4637.0000, -310.0000,  -1155.0000, 4637.0000, -310.0000,  0, 0, 0
L -1155.0000, 4637.0000, -310.0000,  -1155.0000, 4514.0000, -310.0000,  0, 0, 0
L -1097.0000, 4849.0000, -310.0000,  -1092.0000, 4855.0000, -310.0000,  0, 0, 0
L -1092.0000, 4855.0000, -310.0000,  -1091.0000, 4856.0000, -310.0000,  0, 0, 0
L -1091.0000, 4856.0000, -310.0000,  -1086.0000, 4850.0000, -310.0000,  0, 0, 0
L -1086.0000, 4850.0000, -310.0000,  -1081.0000, 4854.0000, -310.0000,  0, 0, 0
L -1081.0000, 4854.0000, -310.0000,  -1087.0000, 4860.0000, -310.0000,  0, 0, 0
L -1087.0000, 4860.0000, -310.0000,  -1080.0000, 4866.0000, -310.0000,  0, 0, 0
L -1080.0000, 4866.0000, -310.0000,  -1084.0000, 4870.0000, -310.0000,  0, 0, 0
L -1084.0000, 4870.0000, -310.0000,  -1089.0000, 4865.0000, -310.0000,  0, 0, 0
L -1089.0000, 4865.0000, -310.0000,  -1095.0000, 4871.0000, -310.0000,  0, 0, 0
L -1095.0000, 4871.0000, -310.0000,  -1102.0000, 4867.0000, -310.0000,  0, 0, 0
L -1102.0000, 4867.0000, -310.0000,  -1095.0000, 4860.0000, -310.0000,  0, 0, 0
L -1095.0000, 4860.0000, -310.0000,  -1102.0000, 4852.0000, -310.0000,  0, 0, 0
L -1102.0000, 4852.0000, -310.0000,  -1099.0000, 4849.0000, -310.0000,  0, 0, 0
L 877.0000, 5373.0000, -310.0000,  1014.0000, 5103.0000, -310.0000,  0, 0, 0
L 1014.0000, 5103.0000, -310.0000,  913.0000, 5055.0000, -310.0000,  0, 0, 0
L 913.0000, 5055.0000, -310.0000,  753.0000, 5373.0000, -310.0000,  0, 0, 0
P 3240.0000, 6150.0000, -310.0000,  0, 220, 0,  2,  by_Orra_Waaargh
P 850.0000, 6150.0000, -310.0000,  0, 255, 0,  3,  provinggrounds_-_Muramite_Proving_Grounds
P 147.0000, 5714.0000, -310.0000,  255, 255, 255,  3,  Wall_of_Slaughter
P 851.0000, 2408.0000, -310.0000,  255, 255, 255,  3,  Riftseeker's_Sanctum
P -1080.0000, 5000.0000, -310.0000,  255, 210, 210,  3,  Trial_:_Body_()
P 1579.0000, 5750.0000, -310.0000,  255, 210, 210,  3,  Trial_:_Tactics_(Simon_says)
P 2100.0000, 4520.0000, -310.0000,  255, 210, 210,  3,  Trial_:_Realms_(Adaption)
P 3120.0000, 1040.0000, -310.0000,  0, 0, 0,  3,  Trial_:_Power_(Corruption/Epics)
P 932.0000, -340.0000, -310.0000,  255, 210, 210,  3,  Trial_:_Mind__(Hate/dogs)
P -1731.0000, 1086.0000, -310.0000,  255, 210, 210,  3,  Trial_:_Arcana_(Mecha_Quarm)
P 1677.0000, 1312.0000, -310.0000,  0, 255, 0,  3,  Dragorn_Tactician_(Signet)
P -2373.0000, 946.0000, -310.0000,  0, 255, 0,  3,  Strategist_Kin`Muram
P -554.0000, 2184.0000, -310.0000,  0, 255, 255,  3,  Possessed_Brute
P 118.0000, 2812.0000, -310.0000,  0, 255, 0,  3,  Blind_Hunter_Rekamu_(R)
P -2.0000, -66.0000, -310.0000,  0, 255, 255,  3,  Girplan_Scavenger
P 25.0000, 3751.0000, -310.0000,  0, 255, 0,  3,  Taskfiend_Caikap
P 1794.0000, 2868.0000, -310.0000,  0, 255, 255,  3,  Stilled_Lightning_Warrior
P 863.0000, 1125.0000, -310.0000,  0, 0, 0,  2,  Safe_"Arena"
P 588.0000, 1652.0000, -310.0000,  0, 255, 0,  3,  Odiumate
P 1123.0000, 994.0000, -310.0000,  0, 255, 0,  3,  Miseryfiend_Ghio_(R)
P 1032.0000, -250.0000, -310.0000,  0, 255, 0,  3,  Bluespark_(R)
P -450.0000, 1871.0000, -310.0000,  0, 255, 0,  3,  Disc_Ench_Kuroun_(R)
P 2000.0000, 4871.0000, -310.0000,  0, 255, 0,  3,  Neuromancer_Vionne_(R)
P -1572.0000, 3216.0000, -310.0000,  0, 255, 0,  3,  Hunter_Leisov_(R)
P -800.0000, 4363.0000, -310.0000,  0, 255, 255,  3,  Lightningcaller_Vhalek
P -785.0000, 4508.0000, -310.0000,  0, 255, 0,  3,  Cleaver_Wiex_(R)
P -1815.0000, 4508.0000, -310.0000,  0, 255, 0,  3,  LC_Nak'muram?
P 1313.0000, 5455.0000, -310.0000,  0, 255, 0,  3,  Sentinel_Siofet_(R)
P -310.0000, 5281.0000, -310.0000,  0, 255, 0,  3,  PH?
P -225.0000, 625.0000, -310.0000,  0, 255, 0,  3,  Noc_Bloodluster_Zieh_(R)
P 1820.0000, 4200.0000, -310.0000,  0, 255, 0,  3,  Stormer_(R)
P 1300.0000, 3088.0000, -310.0000,  0, 255, 0,  3,  Captor_Supplescale_(R)
P 2350.0000, 2868.0000, -310.0000,  0, 255, 0,  3,  Anuek_Tyrannist_(R)
P 1880.0000, 970.0000, -310.0000,  0, 255, 255,  3,  Pashia
P 1910.0000, 720.0000, -310.0000,  0, 255, 0,  3,  Fleshthreader_Dashii_(R)
P 1372.0000, 720.0000, -310.0000,  0, 255, 0,  3,  Battlemaster_Denik_(R)
P -400.0000, 1331.0000, -310.0000,  0, 255, 0,  3,  Kyv_Hunter_Lheun_(R)
P 3321.0000, 2103.0000, -310.0000,  0, 255, 0,  3,  Cadavor_Fonidan
P 2196.0000, 4276.0000, -310.0000,  0, 255, 255,  3,  First_staticfist_from_here_=_PH
P 582.0000, 1808.0000, -310.0000,  0, 0, 0,  2,  Safe
P 1665.0000, 1322.0000, -310.0000,  255, 0, 0,  2,  R
P 1627.0000, 1465.0000, -310.0000,  255, 0, 0,  2,  S
