P -800.8290, 4363.7715, -310.0000,  0, 240, 240,  2,  Lightningcaller_Vhalek
P -785.0000, 4508.7715, -310.0000,  0, 240, 240,  2,  Cleaver_Wiex
P -1815.0000, 4508.7715, -310.0000,  0, 240, 240,  2,  LC_Nak'muram?
P 1313.3273, 5455.3066, -310.0000,  0, 240, 240,  2,  Sentinel_Siofet
P -310.5024, 5281.8276, -310.0000,  0, 240, 240,  2,  PH?
P 582.5200, 1665.8505, -310.0000,  0, 240, 240,  2,  Odiumate_Isienne
P 2001.8405, 4870.1665, -310.0000,  0, 240, 240,  2,  Neuromancer_Vionne
P -2373.0000, 946.0000, -310.0000,  0, 255, 255,  2,  Strategist_Kin`Muram
P -554.0000, 2184.0000, -310.0000,  0, 255, 255,  2,  Possessed_Brute
P 118.0000, 2812.0000, -310.0000,  0, 255, 255,  2,  Blind_Hunter_Rekamu
P -2.0000, -66.0000, -310.0000,  0, 255, 255,  2,  Girplan_Scavenger
P -225.0000, 625.5538, -310.0000,  0, 255, 255,  2,  Noc_Bloodluster_Zieh
P 25.0000, 3751.0000, -310.0000,  0, 255, 255,  2,  Taskfiend_Caikap
P 1820.0000, 4200.0000, -310.0000,  0, 240, 240,  2,  Stormer?
P 1300.0000, 3088.0000, -310.0000,  0, 240, 240,  2,  Captor_Supplescale?
P 1794.0000, 2868.0000, -310.0000,  0, 255, 255,  2,  Stilled_Lightning_Warrior
P 2350.0000, 2868.0000, -310.0000,  0, 240, 240,  2,  Anuek_Tyrannist?
P 1880.0000, 970.0000, -310.0000,  0, 240, 240,  2,  Pashia
P 1910.0000, 720.0000, -310.0000,  0, 240, 240,  2,  Fleshthreader_Dashii
P 1372.0000, 720.0000, -310.0000,  0, 240, 240,  2,  Battlemaster_Denik
P 1036.0000, -246.0000, -310.0000,  0, 240, 240,  2,  Diodite_Bluespark
P -450.0000, 1731.0000, -310.0000,  0, 240, 240,  2,  Discordling_Enchainer_Kuroun
P -400.0000, 1331.0000, -310.0000,  0, 240, 240,  2,  Kyv_Hunter_Lheun
P 3321.0000, 2103.0000, -310.0000,  0, 240, 240,  2,  Cadavor_Fonidan
P 1125.0000, 990.0000, -293.0000,  0, 240, 240,  2,  Miseryfiend_Ghio
P -800.0000, 3088.0000, -310.0000,  0, 240, 240,  2,  Hunter_Leisov
P 596.9247, 3732.0420, -310.7611,  240, 0, 0,  1,  a_Dragorn_Tactician
P -1731.0000, 1086.0000, -310.0000,  255, 210, 210,  3,  Trial_:_Arcana_(Mecha_Quarm)
P 932.0000, -340.0000, -310.0000,  255, 210, 210,  3,  Trial_:_Mind__(Hate/dogs)
P 3120.0000, 1040.0000, -310.0000,  255, 210, 210,  3,  Trial_:_Power_(Corruption/Epics)
P 2100.0000, 4520.0000, -310.0000,  255, 210, 210,  3,  Trial_:_Realms_(Adaption)
P 1579.0000, 5750.0000, -310.0000,  255, 210, 210,  3,  Trial_:_Tactics_(Simon_says)
P -1080.0000, 5000.0000, -310.0000,  255, 210, 210,  3,  Trial_:_Body_()
P 851.0000, 2408.0000, -310.0000,  255, 255, 255,  3,  Riftseeker's_Sanctum
P 147.0000, 5714.0000, -310.0000,  255, 255, 255,  3,  Wall_of_Slaughter
P 850.0000, 6150.0000, -310.0000,  0, 255, 0,  3,  provinggrounds_-_Muramite_Proving_Grounds
P 3240.0000, 6150.0000, -310.0000,  0, 220, 0,  2,  by_Orra_Waaargh
P 1730.0828, 1314.6362, -310.1842,  240, 0, 0,  1,  a_Dragorn_Tactician
P -100.0828, 1200.6362, -310.1842,  240, 0, 0,  1,  a_Dragorn_Tactician
