P 13781.9756, 626.0889, 242.8384,  240, 240, 240,  2,  Bandit_Ridge
P 11951.0791, 1021.5887, 335.1419,  240, 240, 240,  2,  Bandit_Ridge
P 10892.5967, -1247.4709, 206.0977,  0, 0, 0,  2,  Thurgen_Thunderhead
P 10904.2803, -1251.6805, 205.9210,  0, 0, 0,  2,  Maligar
P 10935.5820, -1248.3137, 206.0896,  0, 0, 0,  2,  Alzekar_Kerda
P 10940.8574, -1189.7527, 208.6599,  0, 0, 0,  2,  Nenika_Lightfoot
P 7054.8892, -885.8345, 53.7467,  240, 240, 240,  2,  Bandit_Group
P 6501.0210, -353.8943, 174.0554,  240, 240, 240,  2,  Bandit_Camp
P 150.0000, 100.0000, 0.0000,  255, 255, 0,  2,  Qeynos_Hills
P 15400.0000, 1350.0000, 0.0000,  255, 255, 0,  2,  N_Karana
P 2400.0000, 500.0000, 0.0000,  255, 255, 255,  2,  Guard_Tower
P 4225.0000, 760.0000, 0.0000,  255, 255, 255,  2,  Guard_Tower
P 9075.0000, 675.0000, 0.0000,  255, 255, 255,  2,  Ogre_Camp
P 10723.5264, 2742.1750, 29.9257,  240, 240, 240,  2,  Bandit_Pass
P 5446.0542, 318.6474, -6.8411,  240, 240, 240,  2,  Bandit_Farm
P 6058.2070, -375.3019, 8.5629,  240, 240, 240,  2,  Bandit_Post
P 2333.2751, -986.8126, -3.9365,  0, 0, 0,  2,  Lukas_Hergo
P 2326.4795, -1005.0115, -3.9323,  0, 0, 0,  2,  Larkin_Tolman
P 1825.6056, -853.3738, -25.9603,  0, 0, 0,  3,  Silna_Weaver_(Tailor_-_randomly_appears)
P 11129.2285, 3447.1709, -3.9365,  240, 240, 240,  2,  Bandit_Camp
P 15386.7646, 3451.6543, -3.9365,  0, 0, 0,  3,  Undead_Battlefield
P 13396.3721, 2992.5002, 33.6398,  0, 0, 0,  3,  Renux_Herkanor
P 9260.7969, 3720.9148, -3.9365,  0, 0, 0,  2,  Anderia
P 9287.3193, 3700.7312, -3.9365,  0, 0, 0,  2,  Rongol
P 7644.7979, 3745.6018, -1.4651,  0, 0, 0,  2,  Linaya_Sowlin
P 7697.3652, 3736.5310, -2.2524,  0, 0, 0,  2,  Minda
P 7667.0088, 3680.2849, -1.4644,  0, 0, 0,  2,  Tukk
P 11566.2773, -912.0676, 14.5455,  240, 240, 240,  2,  Bandit_Group
P 15169.2402, 4234.7280, -66.9898,  0, 0, 0,  3,  Ryshon_Hunsti
P 8794.1133, 1293.8113, 165.8857,  240, 240, 240,  2,  Cyclops_Totem
