P 3099, -454, 0, 255, 255, 0, 2, Feerrott
P -246, -1545, 0, 255, 255, 255, 2, Monument
P -764, -4292, 0, 255, 255, 255, 2, Inn
P -1771, -5174, 0, 255, 255, 255, 2, Inactive_Druid_Ring
P -1357, -3857, 0, 255, 255, 255, 2, Gypies
P -2736, -3594, 0, 255, 255, 0, 2, Lake_Rathe
P 500, -3100, 0, 255, 255, 255, 2, Paladin_Camp
P 1450, -3900, 0, 255, 255, 255, 2, Inn
P -800, -4050, 0, 255, 255, 255, 2, Gems_Merchant
P 2450, 600, 0, 255, 255, 255, 2, Undead
P 1800, 980, 0, 255, 255, 255, 2, Undead
P -1831, -3825, 0, 255, 255, 255, 2, Succor_Point
