P -453.4608, 121.0461, 95.4972,  240, 0, 0,  3,  Tsikut_(Upper_Level)
P -842.9795, -617.9421, -275.0187,  0, 0, 240,  3,  Zone_In
P -211.0058, -1361.1281, 296.7564,  176, 0, 255,  3,  Obsqura@gmail.com
P 279.9612, -502.7324, -277.2435,  0, 0, 240,  2,  Teleporter
P 585.6606, -134.9336, 129.1677,  240, 0, 0,  3,  Ashenback_(Upper_Level)
P -786.6449, -675.0500, 191.4971,  240, 0, 0,  3,  Shar`Drahn_(Upper_Level)
P 759.2023, 110.2411, -278.5026,  240, 0, 0,  3,  Head_Servant_Hithorin
P 712.1711, -657.5465, -278.5027,  240, 0, 0,  3,  Porthio_the_Second_Born
P 689.4158, -642.5244, -278.5026,  240, 0, 0,  3,  Nightshade
P -752.0193, 201.3413, -277.8835,  240, 0, 0,  3,  Lowrin_of_the_Third_Circle
P -692.6390, 453.8097, -277.8835,  240, 0, 0,  3,  Vashlor_of_the_Second_Circle
P -471.3532, 586.2590, -277.8835,  240, 0, 0,  3,  Kraglin_of_the_First_Circle
P -221.3025, 483.3999, -278.5027,  240, 0, 0,  3,  Maru_the_Twelfth_Born
P -194.0605, 614.8839, -278.5026,  0, 0, 240,  3,  Tenaro_the_Arcane_(Solo_Task)
P -569.6371, -1153.9718, -278.5025,  0, 0, 240,  2,  Rorin
P -612.2412, -1093.5563, -278.5026,  0, 0, 240,  2,  Borso
P -661.9762, -989.7856, -278.5025,  0, 0, 240,  2,  Gkil_Zon
P -543.1007, -943.2550, -278.5026,  0, 0, 240,  2,  Gyruth
P -377.0907, -932.2976, -278.5026,  0, 0, 240,  2,  Goroth
