P -1500.0000, -1300.0000, -300.0000,  0, 60, 0,  3,  Obsqura@gmail.com
P -1500.0000, -1600.0000, -300.0000,  0, 60, 0,  3,  Obsqura_the_Friendless_Lizard
P 1017.6868, -2292.4319, -308.5977,  0, 0, 240,  2,  a_tame_Griffon
P -852.1719, -5399.2446, -32.9269,  0, 0, 240,  2,  Ashrana_(Quests)
P -92.9594, -5285.8716, -132.9752,  240, 0, 0,  2,  Lady_Inthra
P -199.0534, -5100.3604, -135.6076,  0, 0, 240,  2,  a_tame_Griffon
P 1.9544, -3980.7214, 0.7890,  0, 0, 240,  2,  Mestle_(Quests)
P -534.0026, -3661.3022, -80.8062,  0, 0, 240,  2,  a_tame_Griffon
P 141.6500, -3250.7715, -195.0778,  0, 0, 240,  2,  a_tame_Griffon
P -353.6646, -3101.1484, -114.0405,  0, 0, 240,  2,  Coryn_(Quests)
P 2010.5682, -3028.5815, -114.4660,  0, 0, 240,  2,  Dorinda_(Tasks)
P 3.8349, -72.3430, -45.0729,  0, 0, 240,  3,  Goru`kar_Mesa
P 1538.2642, -2037.6904, -309.3184,  0, 0, 240,  2,  Lucian_(Tasks)
P 1524.6901, -2038.1997, -309.0087,  0, 0, 240,  2,  Adrian_(Tasks)
P -421.7578, -6168.7100, 20.0941,  0, 0, 240,  2,  a_tame_Griffon
P -473.8146, -6148.6563, 16.3960,  240, 0, 0,  2,  Captain_Slarus
P 150.6135, -6311.5425, 257.1172,  0, 0, 240,  2,  Queen's_Palace
P 921.6597, -2255.6704, -311.8420,  0, 0, 240,  2,  Fenith_(Quests)
