P 231.7871, -1532.5013, -206.9082,  0, 0, 0,  3,  to_Hollowshade_Moor
P -513.9590, 1679.9506, -215.9990,  0, 0, 0,  3,  to_Shadeweaver's_Thicket
P 496.2591, -212.2809, -191.9990,  0, 0, 0,  3,  Pottery_Wheel
P 480.9174, -212.1736, -191.9990,  0, 0, 0,  3,  Pottery_Wheel
P 462.6811, -212.0564, -191.9990,  0, 0, 0,  3,  Pottery_Wheel
P 433.8333, -259.0355, -191.9990,  0, 0, 0,  3,  Kiln
P 433.8333, -245.3376, -191.9990,  0, 0, 0,  3,  Kiln
P 434.1663, -235.3740, -191.9990,  0, 0, 0,  3,  Kiln
P 478.0000, -285.0000, -191.9990,  0, 0, 0,  3,  Nocia_(Smith)
P 478.0000, -270.0000, -191.9990,  0, 0, 0,  3,  Larken_(Pottery)
P 495.0000, -255.0000, -191.9990,  0, 0, 0,  3,  Jangle_(Weapons)
P 508.0000, -255.0000, -191.9990,  0, 0, 0,  3,  Gherik_(Pottery)
P -400.1009, -405.1637, -193.4990,  0, 0, 0,  3,  Forge
P -411.1506, -405.3386, -193.4990,  0, 0, 0,  3,  Forge
P -385.0000, -409.0000, -193.4990,  0, 0, 0,  3,  Ker`far_(Smith)
P -216.0000, -454.0000, -191.9990,  0, 0, 0,  3,  Jolod_(Merchant)
P -215.0000, -424.0000, -191.9990,  0, 0, 0,  3,  Umek_(Baking)
P -119.0000, -444.0000, -192.7490,  0, 0, 0,  3,  Guresh
P -37.0108, -375.3348, -192.0064,  0, 0, 0,  3,  Oven
P -24.7698, -376.0156, -189.0630,  0, 0, 0,  3,  Oven
P 55.0000, -433.0000, -191.9990,  0, 0, 0,  3,  Mahj_(Merchant)
P 35.4809, -365.0200, -185.8256,  0, 0, 0,  3,  Merchants
P 55.0000, -495.0000, -193.1828,  0, 0, 0,  3,  Golath_(Merchant)
P 278.0000, -485.0000, -191.9990,  0, 0, 0,  3,  Melek_(Merchant)
P 375.0000, -307.0000, -167.3124,  0, 0, 0,  3,  Jala_(Tailor)
P 373.7507, -287.2997, -169.4990,  0, 0, 0,  3,  Loom
P 371.0000, -216.0000, -191.9990,  0, 0, 0,  3,  Uhlma_(Gems)
P 371.0000, -305.0000, -191.9990,  0, 0, 0,  3,  Jhimis_(Jewelry)
P 270.9470, -302.1017, -186.4868,  0, 0, 0,  3,  Merchants
P 201.2144, -276.9944, -191.9861,  0, 0, 0,  3,  Forge
P 174.0000, -200.0000, -191.9990,  0, 0, 0,  3,  Barkhem_(Smith)
P 161.0000, -227.0000, -191.9990,  0, 0, 0,  3,  Garr_(Smith)
P 161.0000, -217.0000, -191.9990,  0, 0, 0,  3,  Kafy_(Smith)
P -66.0000, -46.0000, -262.4990,  0, 0, 0,  3,  Kanaad_(Alchemy)
P -148.0000, -82.0000, -262.4990,  0, 0, 0,  3,  Cholsa_(Spells)
P -136.0000, -44.0000, -262.4990,  0, 0, 0,  3,  Fehril_(GM_Shaman)
P -102.0000, -24.0000, -263.9990,  0, 0, 0,  3,  Grawleh_(GM_Shaman)
P -134.0000, -258.0000, -262.4990,  0, 0, 0,  3,  Kaleej_(Spells)
P -48.0000, -275.0000, -262.4990,  0, 0, 0,  3,  Poren_(GM_Beastlord)
P -105.8303, -164.4917, -248.5323,  0, 0, 0,  3,  Spell_Merchants
P 255.0000, -192.0000, -250.4990,  0, 0, 0,  3,  Taruun_(GM_Rogue)
P 486.0000, 144.0000, -263.9990,  0, 0, 0,  3,  Trukhanah_(GM_Warrior)
P 501.0000, 167.0000, -263.9990,  0, 0, 0,  3,  Nimij_(Armor)
P 4.0000, -246.0000, -191.8937,  0, 0, 0,  3,  Ayyad_(Weapons)
P 32.0000, -230.0000, -191.6502,  0, 0, 0,  3,  Fahaar_(Merchant)
P -69.0000, -142.0000, -191.9990,  0, 0, 0,  3,  Sharar_(Merchant)
P -69.0000, -126.0000, -191.9990,  0, 0, 0,  3,  Almasa_(Tailor)
P -498.0000, 348.0000, -193.4990,  0, 0, 0,  3,  Mugdah_(Poisons)
P -457.0000, 385.0000, -193.4577,  0, 0, 0,  3,  Hokar_(Fletcher)
P -408.0000, 401.0000, -193.4990,  0, 0, 0,  3,  Rytan_(Fletcher)
P -318.2483, 344.9789, -186.1399,  0, 0, 0,  3,  Gawra_(Merchant)
P 306.3088, 488.2565, -193.4990,  0, 0, 0,  3,  Pottery_Wheel
P 308.0000, 474.0000, -193.4990,  0, 0, 0,  3,  Chogar_(Pottery)
P 238.0000, 446.0000, -191.9990,  0, 0, 0,  3,  Rawlf_(Merchant)
P -2.2543, 483.2739, -191.9990,  0, 0, 0,  3,  Oven
P 28.0000, 475.0000, -191.9990,  0, 0, 0,  3,  Jheral_(Merchant)
P 48.0000, 475.0000, -191.9990,  0, 0, 0,  3,  Nejat_(Merchant)
P 79.0000, 474.0000, -193.1956,  0, 0, 0,  3,  Kogar_(Weapons)
P -37.0000, 497.0000, -193.4588,  0, 0, 0,  3,  Kojik_(Merchant)
P -113.0000, 497.0000, -193.4588,  0, 0, 0,  3,  Chialle_(Merchant)
P 543.5070, 256.4102, -191.9990,  0, 0, 0,  3,  The_Bank
P 369.6172, 307.8027, -191.9990,  0, 0, 0,  3,  Alchemy_Merchants
P 348.0000, 212.0000, -169.4990,  0, 0, 0,  3,  Ahmih_(Spells)
P 164.7757, 212.6227, -191.9990,  0, 0, 0,  3,  Oven
P 177.6795, 186.9332, -191.9990,  0, 0, 0,  3,  Brew_Barrel
P 198.7813, 214.4502, -191.6177,  0, 0, 0,  3,  Brewer_Merchants
P 208.7140, 253.1733, -185.9990,  0, 0, 0,  3,  Merchants
P 32.0000, 233.0000, -191.9496,  0, 0, 0,  3,  Katja_(Jewelry)
P -49.9447, 182.1429, -191.9990,  0, 0, 0,  3,  Qua_(Weapons)
P -71.0000, 119.0000, -191.9990,  0, 0, 0,  3,  Hajika_(Baking)
P -48.0000, 83.0000, -191.9990,  0, 0, 0,  3,  Tariid
P -488.0000, -52.0000, -167.9990,  0, 0, 0,  3,  Ghula_(Soulbinder)
P -451.4122, 120.0800, -165.4239,  0, 0, 0,  3,  Baking_Merchants
P -439.6972, 140.9011, -167.9990,  0, 0, 0,  3,  Oven
P -598.0000, 2.0000, -107.9990,  0, 0, 0,  3,  Tolniq_(Spells)
P -558.0000, -29.0000, -107.9990,  0, 0, 0,  3,  Qualia_(Spells)
P -532.0000, -17.0000, -107.9990,  0, 0, 0,  3,  Hortitosh_(GM_Bard)
P -556.0000, 35.0000, -107.9990,  0, 0, 0,  3,  Imasan_(spells)
P -239.0000, 348.0000, -193.4990,  0, 0, 0,  3,  Kafal_(Armor)
P -214.0000, 348.0000, -193.4536,  0, 0, 0,  3,  Lajika_(Armor)
P -119.0000, 352.0000, -193.4328,  0, 0, 0,  3,  Dharr_(Merchant)
P -216.0000, 379.0000, -144.7490,  0, 0, 0,  3,  Kyth_Lar_(GM_Rogue)
P -189.2966, 428.8888, -190.3759,  0, 0, 0,  3,  Merchants
P -80.3130, -91.8658, -263.9989,  0, 0, 0,  3,  Ritra_(Berserker_Tomes)
P -50.3789, -65.4961, -262.4989,  0, 0, 0,  3,  Vrasha_(GM_Berserker)
