P 461.6256, -88.3421, 25.2087,  0, 0, 127,  2,  Green
P 346.1171, 28.4456, 25.2087,  0, 0, 127,  1,  Red
P 467.5001, 144.7219, 25.2087,  0, 0, 127,  2,  Blue
P 570.8654, 20.8431, 25.2087,  0, 0, 127,  2,  Yellow
P -25.7917, -5.8949, -0.5028,  240, 0, 0,  2,  Firefeather
P -28.7355, 1.3235, -0.5028,  240, 0, 0,  2,  Arkahn
P 4.5279, 130.0274, 1.5102,  0, 0, 240,  2,  Zone_In
P 901.3722, 11.9864, -143.9980,  0, 0, 240,  2,  Student_Joban
P 907.8922, -27.5593, 96.0020,  0, 0, 240,  2,  Head_Librarian_Magus
P 0.3942, 993.0844, -11.6187,  240, 0, 0,  2,  Trap_Door.
P -52.9906, -31.5772, 215.4971,  0, 0, 240,  2,  Relic
P 0.6353, -0.5579, 247.8265,  0, 0, 240,  2,  Daosheen's_Study
