L 669.4061, -70.8429, -8.5654,  669.4062, -83.4355, -9.3740,  64, 64, 64
L 534.4687, -129.6250, 40.5947,  570.0934, -129.6240, 40.5947,  64, 64, 64
L 534.4687, -135.2500, 40.5947,  534.4687, -129.6250, 40.5947,  64, 64, 64
L 564.4687, -135.2500, 40.5947,  534.4687, -135.2500, 40.5947,  64, 64, 64
L 564.4687, -179.6258, 40.5947,  564.4687, -135.2500, 40.5947,  64, 64, 64
L 495.1250, -179.6250, 40.5947,  564.4687, -179.6258, 40.5947,  64, 64, 64
L 495.1250, -135.2500, 40.5947,  495.1250, -179.6250, 40.5947,  64, 64, 64
L 525.0938, -135.2500, 40.5947,  495.1250, -135.2500, 40.5947,  64, 64, 64
L 525.0938, -129.6239, 40.5947,  525.0938, -135.2500, 40.5947,  64, 64, 64
L 469.4998, -129.6249, 40.5947,  525.0938, -129.6239, 40.5947,  64, 64, 64
L 469.5000, -193.2501, 40.5947,  469.4998, -129.6249, 40.5947,  64, 64, 64
L 570.0947, -193.2500, 40.5947,  469.5000, -193.2501, 40.5947,  64, 64, 64
L 570.0934, -129.6240, 40.5947,  570.0947, -193.2500, 40.5947,  64, 64, 64
L 584.4687, -115.2813, 40.5947,  584.4687, -140.2501, 40.5947,  64, 64, 64
L 455.1250, -115.2813, 40.5947,  584.4687, -115.2813, 40.5947,  64, 64, 64
L 455.1250, -193.2501, 40.5947,  455.1250, -115.2813, 40.5947,  64, 64, 64
L 410.1563, -193.2500, 40.5947,  455.1250, -193.2501, 40.5947,  64, 64, 64
L 410.1562, -207.5905, 40.5947,  410.1563, -193.2500, 40.5947,  64, 64, 64
L 410.1562, -207.5905, 40.5947,  659.4374, -207.5940, 40.5947,  64, 64, 64
L 659.4374, -164.6250, 40.5947,  659.4374, -207.5940, 40.5947,  64, 64, 64
L 665.0313, -164.6250, 40.5947,  659.4374, -164.6250, 40.5947,  64, 64, 64
L 665.0313, -184.6250, 40.5947,  665.0313, -164.6250, 40.5947,  64, 64, 64
L 714.4062, -184.6250, 40.5947,  665.0313, -184.6250, 40.5947,  64, 64, 64
L 714.4062, -135.2498, 40.5947,  714.4062, -184.6250, 40.5947,  64, 64, 64
L 665.0313, -135.2500, 40.5947,  714.4062, -135.2498, 40.5947,  64, 64, 64
L 665.0312, -155.2500, 40.5947,  665.0313, -135.2500, 40.5947,  64, 64, 64
L 659.4372, -155.2500, 40.5947,  665.0312, -155.2500, 40.5947,  64, 64, 64
L 659.4374, -129.6249, 40.5947,  659.4372, -155.2500, 40.5947,  64, 64, 64
L 720.0313, -129.6250, 40.5947,  659.4374, -129.6249, 40.5947,  64, 64, 64
L 720.0312, -240.2188, 40.5947,  720.0313, -129.6250, 40.5947,  64, 64, 64
L 714.4062, -240.2188, 40.5947,  720.0312, -240.2188, 40.5947,  64, 64, 64
L 714.4062, -200.2181, 40.5947,  714.4062, -240.2188, 40.5947,  64, 64, 64
L 665.0313, -200.2188, 40.5947,  714.4062, -200.2181, 40.5947,  64, 64, 64
L 665.0313, -200.2188, 40.5947,  665.0313, -249.5937, 40.5947,  64, 64, 64
L 734.4063, -249.5937, 40.5947,  665.0313, -249.5937, 40.5947,  64, 64, 64
L 734.4062, -179.6250, 40.5947,  734.4063, -249.5937, 40.5947,  64, 64, 64
L 740.0313, -179.6250, 40.5947,  734.4062, -179.6250, 40.5947,  64, 64, 64
L 740.0308, -199.5937, 40.5947,  740.0313, -179.6250, 40.5947,  64, 64, 64
L 789.3749, -199.5940, 40.5947,  740.0308, -199.5937, 40.5947,  64, 64, 64
L 789.3749, -150.2499, 40.5947,  789.3749, -199.5940, 40.5947,  64, 64, 64
L 740.0313, -150.2500, 40.5947,  789.3749, -150.2499, 40.5947,  64, 64, 64
L 740.0313, -170.2500, 40.5947,  740.0313, -150.2500, 40.5947,  64, 64, 64
L 734.4481, -170.2500, 40.5947,  740.0313, -170.2500, 40.5947,  64, 64, 64
L 734.4062, -115.2810, 40.5947,  734.4481, -170.2500, 40.5947,  64, 64, 64
L 645.0625, -115.2813, 40.5947,  734.4062, -115.2810, 40.5947,  64, 64, 64
L 645.0625, -193.2461, 40.5947,  645.0625, -115.2813, 40.5947,  64, 64, 64
L 584.4681, -193.2501, 40.5947,  645.0625, -193.2461, 40.5947,  64, 64, 64
L 584.4687, -154.6250, 40.5947,  584.4681, -193.2501, 40.5947,  64, 64, 64
L 590.0625, -154.6250, 40.5947,  584.4687, -154.6250, 40.5947,  64, 64, 64
L 590.0625, -156.5036, 40.5947,  590.0625, -154.6250, 40.5947,  64, 64, 64
L 604.4374, -140.2500, 40.5947,  584.4687, -140.2501, 40.5947,  64, 64, 64
L 604.4374, -157.2234, 40.5947,  604.4374, -140.2500, 40.5947,  64, 64, 64
L 604.4375, -173.2352, 31.6260,  590.0625, -173.2087, 31.6865,  64, 64, 64
L 590.0625, -171.2353, 32.6260,  604.4375, -171.2311, 32.6381,  64, 64, 64
L 604.4375, -169.2350, 33.6261,  590.0625, -169.2205, 33.6638,  64, 64, 64
L 590.0625, -167.2353, 34.6260,  604.4375, -167.1785, 34.7301,  64, 64, 64
L 604.4375, -165.2353, 35.6260,  590.0625, -165.2125, 35.6797,  64, 64, 64
L 590.0625, -163.2353, 36.6260,  604.4375, -163.1751, 36.7342,  64, 64, 64
L 604.4375, -161.2353, 37.6260,  590.0625, -161.2206, 37.6636,  64, 64, 64
L 590.0625, -159.2353, 38.6260,  604.4375, -159.2351, 38.6260,  64, 64, 64
L 604.4375, -157.2234, 39.6260,  590.0625, -157.2084, 39.6558,  64, 64, 64
L 604.4375, -157.2202, 39.6375,  604.4375, -175.2430, 31.6260,  64, 64, 64
L 607.0476, -175.2534, 30.6260,  590.0625, -175.1858, 30.7210,  64, 64, 64
L 590.0624, -189.6250, 30.6260,  607.0461, -189.6250, 30.6260,  64, 64, 64
L 590.0625, -175.2353, 30.6260,  590.0624, -189.6250, 30.6260,  64, 64, 64
L 590.0625, -157.2234, 39.6260,  590.0625, -175.2353, 30.6260,  64, 64, 64
L 623.0477, -175.2500, 21.6260,  623.0158, -189.6250, 21.6950,  64, 64, 64
L 621.0477, -189.6250, 22.6261,  621.0477, -175.2500, 22.6260,  64, 64, 64
L 619.0477, -175.2500, 23.6260,  619.0325, -189.6250, 23.6639,  64, 64, 64
L 617.0477, -189.6250, 24.6260,  617.0321, -175.2500, 24.6656,  64, 64, 64
L 615.0477, -175.2500, 25.6260,  615.0477, -189.6250, 25.6260,  64, 64, 64
L 613.0477, -189.6250, 26.6260,  613.0463, -175.2500, 26.6304,  64, 64, 64
L 611.0477, -175.2500, 27.6260,  611.0013, -189.6250, 27.7169,  64, 64, 64
L 609.0477, -189.6250, 28.6260,  609.0439, -175.2500, 28.6375,  64, 64, 64
L 607.0477, -175.2500, 29.6260,  607.0461, -189.6250, 29.6310,  64, 64, 64
L 607.0378, -175.2500, 29.6528,  625.0609, -175.2500, 21.6260,  64, 64, 64
L 607.0475, -189.6250, 29.6260,  625.0477, -189.6250, 20.6261,  64, 64, 64
L 639.4375, -189.6250, 20.6260,  639.4373, -172.6397, 20.6260,  64, 64, 64
L 639.4375, -189.6250, 20.6260,  625.0477, -189.6250, 20.6261,  64, 64, 64
L 625.0634, -172.6397, 20.6260,  625.0477, -189.6250, 20.6260,  64, 64, 64
L 639.4375, -158.6397, 12.6260,  625.0625, -158.6397, 12.6260,  64, 64, 64
L 625.0625, -160.6397, 13.6260,  639.4375, -160.6580, 13.6708,  64, 64, 64
L 639.4375, -162.6398, 14.6261,  625.0625, -162.6397, 14.6260,  64, 64, 64
L 625.0625, -164.6397, 15.6260,  639.4375, -164.6929, 15.7256,  64, 64, 64
L 639.4375, -166.6398, 16.6260,  625.0625, -166.6397, 16.6260,  64, 64, 64
L 625.0625, -168.6397, 17.6260,  639.4375, -168.6666, 17.6870,  64, 64, 64
L 639.4374, -170.6397, 18.6260,  625.0625, -170.6397, 18.6260,  64, 64, 64
L 625.0625, -172.6397, 19.6260,  639.4374, -172.6397, 19.6260,  64, 64, 64
L 639.4374, -156.6399, 11.6260,  625.0625, -156.6571, 11.6692,  64, 64, 64
L 639.4373, -172.6397, 19.6260,  639.4374, -154.6293, 11.6260,  64, 64, 64
L 625.0625, -172.6397, 19.6260,  625.0625, -154.6397, 10.6260,  64, 64, 64
L 759.9999, -605.0624, 10.6260,  760.0001, -539.4686, 10.6260,  64, 64, 64
L 738.4062, -605.0625, 10.6260,  759.9999, -605.0624, 10.6260,  64, 64, 64
L 738.4062, -605.0625, 10.6260,  738.4062, -599.4374, 10.6260,  64, 64, 64
L 739.4063, -599.4374, 10.6260,  738.4062, -599.4374, 10.6260,  64, 64, 64
L 739.4061, -545.0938, 10.6260,  739.4063, -599.4374, 10.6260,  64, 64, 64
L 665.0313, -545.0937, 10.6260,  739.4061, -545.0938, 10.6260,  64, 64, 64
L 665.0313, -599.4374, 10.6260,  665.0313, -545.0937, 10.6260,  64, 64, 64
L 729.0313, -599.4374, 10.6260,  665.0313, -599.4374, 10.6260,  64, 64, 64
L 729.0311, -605.0625, 10.6260,  729.0313, -599.4374, 10.6260,  64, 64, 64
L 595.4374, -605.0624, 10.6260,  729.0311, -605.0625, 10.6260,  64, 64, 64
L 595.4374, -599.4373, 10.6260,  595.4374, -605.0624, 10.6260,  64, 64, 64
L 659.4375, -599.4374, 10.6260,  595.4374, -599.4373, 10.6260,  64, 64, 64
L 659.4374, -545.0933, 10.6260,  659.4375, -599.4374, 10.6260,  64, 64, 64
L 585.0938, -545.0938, 10.6260,  659.4374, -545.0933, 10.6260,  64, 64, 64
L 585.0938, -599.4374, 10.6260,  585.0938, -545.0938, 10.6260,  64, 64, 64
L 586.0938, -599.4374, 10.6260,  585.0938, -599.4374, 10.6260,  64, 64, 64
L 586.0938, -605.0625, 10.6260,  586.0938, -599.4374, 10.6260,  64, 64, 64
L 585.0938, -605.0625, 10.6260,  586.0938, -605.0625, 10.6260,  64, 64, 64
L 585.0938, -619.4374, 10.6260,  585.0938, -605.0625, 10.6260,  64, 64, 64
L 774.3750, -619.4374, 10.6260,  585.0938, -619.4374, 10.6260,  64, 64, 64
L 774.3750, -525.0938, 10.6260,  774.3750, -619.4374, 10.6260,  64, 64, 64
L 774.3750, -525.0936, 10.6260,  595.4374, -525.0938, 10.6260,  64, 64, 64
L 550.0938, -539.4688, 10.6260,  760.0001, -539.4686, 10.6260,  64, 64, 64
L 595.4374, -519.4685, 10.6260,  595.4374, -525.0938, 10.6260,  64, 64, 64
L 614.4375, -519.4687, 10.6260,  595.4374, -519.4685, 10.6260,  64, 64, 64
L 614.4380, -504.4989, 10.6260,  614.4375, -519.4687, 10.6260,  64, 64, 64
L 644.4374, -504.4999, 10.6260,  614.4380, -504.4989, 10.6260,  64, 64, 64
L 644.4374, -484.4999, 10.6260,  644.4374, -504.4999, 10.6260,  64, 64, 64
L 650.0626, -484.5000, 10.6260,  644.4374, -484.4999, 10.6260,  64, 64, 64
L 650.0624, -510.0938, 10.6260,  650.0626, -484.5000, 10.6260,  64, 64, 64
L 620.0625, -510.0938, 10.6260,  650.0624, -510.0938, 10.6260,  64, 64, 64
L 620.0625, -519.4687, 10.6260,  620.0625, -510.0938, 10.6260,  64, 64, 64
L 659.4375, -519.4687, 10.6260,  620.0625, -519.4687, 10.6260,  64, 64, 64
L 659.4374, -474.5000, 10.6260,  659.4375, -519.4687, 10.6260,  64, 64, 64
L 665.0312, -474.5000, 10.6260,  659.4374, -474.5000, 10.6260,  64, 64, 64
L 665.0313, -519.4687, 10.6260,  665.0312, -474.5000, 10.6260,  64, 64, 64
L 739.4062, -519.4686, 10.6260,  665.0313, -519.4687, 10.6260,  64, 64, 64
L 739.4062, -465.1248, 10.6260,  739.4062, -519.4686, 10.6260,  64, 64, 64
L 695.0313, -465.1250, 10.6260,  739.4062, -465.1248, 10.6260,  64, 64, 64
L 695.0313, -474.5000, 10.6260,  695.0313, -465.1250, 10.6260,  64, 64, 64
L 730.0323, -474.4999, 10.6260,  695.0313, -474.5000, 10.6260,  64, 64, 64
L 730.0312, -510.0938, 10.6260,  730.0323, -474.4999, 10.6260,  64, 64, 64
L 724.4059, -510.0938, 10.6260,  730.0312, -510.0938, 10.6260,  64, 64, 64
L 724.4062, -480.1250, 10.6260,  724.4059, -510.0938, 10.6260,  64, 64, 64
L 689.4061, -480.1250, 10.6260,  724.4062, -480.1250, 10.6260,  64, 64, 64
L 689.4062, -465.1247, 10.6260,  689.4061, -480.1250, 10.6260,  64, 64, 64
L 585.0942, -465.1250, 10.6260,  689.4062, -465.1247, 10.6260,  64, 64, 64
L 585.0934, -519.4687, 10.6260,  585.0942, -465.1250, 10.6260,  64, 64, 64
L 586.0937, -519.4687, 10.6260,  585.0934, -519.4687, 10.6260,  64, 64, 64
L 586.0938, -525.0938, 10.6260,  586.0937, -519.4687, 10.6260,  64, 64, 64
L 564.4686, -525.0938, 10.6260,  586.0938, -525.0938, 10.6260,  64, 64, 64
L 564.4688, -450.1249, 10.6260,  564.4686, -525.0938, 10.6260,  64, 64, 64
L 550.0937, -464.5000, 10.6260,  399.5310, -464.4991, 10.6260,  64, 64, 64
L 550.0938, -539.4687, 10.6260,  550.0937, -464.5000, 10.6260,  64, 64, 64
L 385.1563, -450.1250, 10.6260,  564.4688, -450.1250, 10.6260,  64, 64, 64
L 385.1563, -450.1250, 10.6260,  385.1564, -510.0937, 10.6260,  64, 64, 64
L 399.5312, -510.0937, 10.6260,  399.5310, -464.4991, 10.6260,  64, 64, 64
L 385.1563, -510.0938, -14.3740,  385.1563, -525.0937, -14.3740,  64, 64, 64
L 399.5313, -510.0937, -14.3740,  385.1563, -510.0938, -14.3740,  64, 64, 64
L 399.5312, -539.4687, -14.3740,  399.5313, -510.0937, -14.3740,  64, 64, 64
L 399.5313, -539.4688, -14.3740,  242.2182, -539.4684, -14.3740,  64, 64, 64
L 242.2188, -525.0938, -14.3740,  385.1563, -525.0937, -14.3740,  64, 64, 64
L 242.2182, -539.4684, -14.3740,  242.2188, -525.0938, -14.3740,  64, 64, 64
L 241.5937, -525.0937, 10.6260,  241.5938, -405.1563, 10.6260,  64, 64, 64
L 227.2186, -539.4688, 10.6260,  242.2181, -539.4686, 10.6260,  64, 64, 64
L 227.2188, -405.1563, 10.6260,  227.2186, -539.4688, 10.6260,  64, 64, 64
L 241.5938, -405.1563, 10.6260,  227.2188, -405.1563, 10.6260,  64, 64, 64
L 241.5937, -405.1563, 45.5947,  241.5937, -354.5312, 45.5947,  64, 64, 64
L 227.2187, -344.6333, 45.5947,  227.2188, -405.1563, 45.5947,  64, 64, 64
L 225.2187, -344.5625, 45.5947,  227.2187, -344.6333, 45.5947,  64, 64, 64
L 239.5938, -330.1875, 45.5947,  239.5937, -345.1875, 45.5947,  64, 64, 64
L 225.2188, -330.1875, 45.5947,  239.5938, -330.1875, 45.5947,  64, 64, 64
L 225.2186, -344.5625, 45.5947,  225.2188, -330.1875, 45.5947,  64, 64, 64
L 323.2451, -564.5545, 55.6907,  323.2446, -559.7852, 54.9980,  150, 0, 200
L 331.5182, -564.4696, 55.1581,  327.3325, -566.9316, 54.9355,  150, 0, 200
L 331.5182, -559.8163, 53.5288,  331.5182, -564.4696, 54.3403,  150, 0, 200
L 327.3829, -557.4056, 53.6706,  331.5182, -559.8163, 53.5466,  150, 0, 200
L 323.2446, -559.7852, 53.8812,  327.3829, -557.4056, 53.7505,  150, 0, 200
L 327.3325, -566.9316, 54.1121,  323.2451, -564.5545, 54.1740,  150, 0, 200
L 325.4166, -578.8258, 45.5947,  325.4166, -579.5030, 45.5947,  64, 64, 64
L 324.4534, -578.6470, 45.5947,  325.4166, -578.8258, 45.5947,  64, 64, 64
L 323.0877, -578.3283, 45.5947,  324.4534, -578.6470, 45.5947,  64, 64, 64
L 322.9301, -577.6227, 45.5947,  323.0877, -578.3283, 45.5947,  64, 64, 64
L 323.7740, -575.6133, 45.5947,  322.9301, -577.6227, 45.5947,  64, 64, 64
L 325.4166, -574.8435, 45.5947,  323.7740, -575.6133, 45.5947,  64, 64, 64
L 325.4166, -570.8837, 45.5947,  325.4166, -574.8435, 45.5947,  64, 64, 64
L 325.4166, -570.8834, 45.5947,  324.6597, -570.8346, 45.5947,  64, 64, 64
L 326.6034, -579.5044, 45.5968,  325.4166, -579.5030, 45.6029,  64, 64, 64
L 327.1552, -580.0440, 45.5947,  326.6034, -579.5044, 45.5968,  64, 64, 64
L 328.4466, -581.5379, 45.5947,  327.1552, -580.0440, 45.5947,  64, 64, 64
L 331.3618, -579.6729, 45.5947,  328.4466, -581.5379, 45.5947,  64, 64, 64
L 331.5901, -577.9648, 45.5947,  331.3618, -579.6729, 45.5947,  64, 64, 64
L 331.1796, -575.3284, 45.5947,  331.5901, -577.9648, 45.5947,  64, 64, 64
L 329.4260, -574.9350, 45.5947,  331.1796, -575.3284, 45.5947,  64, 64, 64
L 329.4127, -570.8844, 45.5947,  329.4260, -574.9350, 45.5947,  64, 64, 64
L 329.4127, -570.8740, 45.5947,  330.3114, -570.7855, 45.5947,  64, 64, 64
L 332.6209, -564.5875, 45.5947,  330.3114, -570.7855, 45.5947,  64, 64, 64
L 332.2157, -562.5547, 45.5947,  332.6209, -564.5875, 45.5947,  64, 64, 64
L 328.9613, -561.7311, 45.5947,  332.2157, -562.5547, 45.5948,  64, 64, 64
L 328.9613, -561.7311, 45.5947,  328.1993, -564.6821, 45.5947,  64, 64, 64
L 328.2220, -569.9999, 45.6117,  328.1993, -564.6821, 45.5947,  64, 64, 64
L 326.5302, -569.9973, 45.5947,  328.2220, -569.9999, 45.6117,  64, 64, 64
L 326.5392, -564.2979, 45.5948,  326.5302, -569.9973, 45.5947,  64, 64, 64
L 325.8326, -562.0702, 45.5947,  326.5392, -564.2979, 45.5947,  64, 64, 64
L 322.6487, -562.1408, 45.5947,  325.8326, -562.0702, 45.5947,  64, 64, 64
L 322.0932, -564.4555, 45.5947,  322.6487, -562.1408, 45.5947,  64, 64, 64
L 324.6597, -570.8346, 45.5947,  322.0932, -564.4555, 45.5947,  64, 64, 64
L 314.5652, -585.0949, 25.6260,  314.5616, -559.4686, 25.6260,  64, 64, 64
L 340.1884, -585.0936, 25.6260,  314.5652, -585.0949, 25.6260,  64, 64, 64
L 340.1874, -559.4680, 25.6260,  340.1884, -585.0936, 25.6260,  64, 64, 64
L 314.5616, -559.4686, 25.6260,  340.1874, -559.4680, 25.6260,  64, 64, 64
L 354.5312, -500.1250, 25.6260,  300.1875, -500.1250, 25.6260,  0, 0, 240
L 354.5312, -644.4374, 25.6260,  354.5312, -500.1250, 25.6260,  0, 0, 240
L 300.1859, -644.4374, 25.6260,  354.5312, -644.4374, 25.6260,  0, 0, 240
L 300.1875, -500.1250, 25.6260,  300.1859, -644.4374, 25.6260,  0, 0, 240
L 354.5312, -500.1250, 45.5947,  354.5312, -494.4999, 45.5947,  64, 64, 64
L 360.1573, -500.1250, 45.5947,  354.5312, -500.1250, 45.5947,  64, 64, 64
L 354.5312, -644.4374, 45.5947,  360.1563, -644.4374, 45.5947,  64, 64, 64
L 354.5312, -650.0225, 45.5947,  354.5312, -644.4374, 45.5947,  64, 64, 64
L 300.1875, -644.4374, 45.5947,  300.1875, -650.0616, 45.5947,  64, 64, 64
L 294.5615, -644.4374, 45.5947,  300.1875, -644.4374, 45.5947,  64, 64, 64
L 300.1875, -500.1250, 45.5947,  294.5617, -500.1250, 45.5947,  64, 64, 64
L 300.1875, -494.4998, 45.5947,  300.1875, -500.1250, 45.5947,  64, 64, 64
L 360.1563, -650.0184, 40.5947,  360.1573, -494.4999, 40.5947,  64, 64, 64
L 294.5615, -650.0657, 40.5947,  360.1563, -650.0184, 40.5947,  64, 64, 64
L 294.5617, -494.4998, 40.5947,  294.5615, -650.0657, 40.5947,  64, 64, 64
L 360.1573, -494.4999, 40.5947,  294.5617, -494.4998, 40.5947,  64, 64, 64
L 362.5312, -362.1412, 40.5947,  362.5312, -360.1409, 41.5947,  64, 64, 64
L 362.5312, -360.1411, 42.5947,  362.5312, -340.5625, 42.5947,  64, 64, 64
L 362.5312, -340.5625, 41.5947,  362.5312, -338.5625, 40.5947,  64, 64, 64
L 355.7394, -340.5624, 41.5947,  362.5312, -340.5625, 41.5947,  64, 64, 64
L 351.5311, -343.7188, 41.5947,  355.7394, -340.5624, 41.5947,  64, 64, 64
L 351.5312, -355.9732, 41.5947,  351.5311, -343.7188, 41.5947,  64, 64, 64
L 355.7160, -360.1580, 41.5947,  351.5312, -355.9732, 41.5947,  64, 64, 64
L 362.5312, -360.1411, 41.5947,  355.7160, -360.1580, 41.5947,  64, 64, 64
L 362.5313, -363.7179, 40.5947,  362.5312, -362.1411, 40.5947,  64, 64, 64
L 336.5625, -390.7182, 40.5947,  362.5313, -363.7179, 40.5947,  64, 64, 64
L 362.5312, -338.0633, 40.5947,  362.5312, -338.5772, 40.5948,  64, 64, 64
L 334.5787, -309.9941, 40.5947,  362.5312, -338.0633, 40.5947,  64, 64, 64
L 293.1875, -363.7214, 40.5947,  293.1875, -362.1415, 40.5947,  64, 64, 64
L 318.1875, -390.7216, 40.5947,  293.1875, -363.7214, 40.5947,  64, 64, 64
L 318.1875, -405.1563, 40.5947,  318.1875, -390.7216, 40.5947,  64, 64, 64
L 300.0044, -405.1563, 40.5947,  318.1875, -405.1563, 40.5947,  64, 64, 64
L 270.0356, -435.1250, 40.5947,  300.0044, -405.1563, 40.5947,  64, 64, 64
L 235.2188, -435.1250, 40.5947,  270.0356, -435.1250, 40.5947,  64, 64, 64
L 235.2187, -514.9745, 40.5947,  235.2188, -435.1250, 40.5947,  64, 64, 64
L 215.2188, -524.9744, 40.5947,  235.2187, -514.9745, 40.5947,  64, 64, 64
L 215.2187, -604.5568, 40.5947,  215.2188, -524.9744, 40.5947,  64, 64, 64
L 235.2188, -614.5568, 40.5947,  215.2187, -604.5568, 40.5947,  64, 64, 64
L 235.2188, -704.4062, 40.5947,  235.2188, -614.5568, 40.5947,  64, 64, 64
L 270.0358, -704.4062, 40.5947,  235.2188, -704.4062, 40.5947,  64, 64, 64
L 300.0046, -734.4062, 40.5947,  270.0358, -704.4062, 40.5947,  64, 64, 64
L 320.1875, -734.4062, 40.5947,  300.0046, -734.4062, 40.5947,  64, 64, 64
L 320.1875, -849.5268, 40.5947,  320.1875, -734.4062, 40.5947,  64, 64, 64
L 459.5000, -988.8393, 40.5947,  320.1875, -849.5268, 40.5947,  64, 64, 64
L 459.5000, -974.7544, 40.5947,  459.5000, -988.8393, 40.5947,  64, 64, 64
L 334.5624, -849.7852, 40.5947,  459.5000, -974.7544, 40.5947,  64, 64, 64
L 334.5624, -809.3749, 40.5947,  334.5624, -849.7852, 40.5947,  64, 64, 64
L 334.5624, -809.3749, 40.5947,  355.1562, -809.3749, 40.5947,  64, 64, 64
L 355.1563, -849.3437, 40.5947,  355.1562, -809.3749, 40.5947,  64, 64, 64
L 444.4999, -849.3437, 40.5947,  355.1563, -849.3437, 40.5947,  64, 64, 64
L 444.5000, -809.3745, 40.5947,  444.4999, -849.3437, 40.5947,  64, 64, 64
L 465.1253, -809.3749, 40.5947,  444.5000, -809.3745, 40.5947,  64, 64, 64
L 465.1250, -849.3437, 40.5947,  465.1253, -809.3749, 40.5947,  64, 64, 64
L 500.1252, -849.3436, 40.5947,  465.1250, -849.3437, 40.5947,  64, 64, 64
L 554.4688, -849.3437, 40.5947,  514.4687, -849.3436, 40.5947,  64, 64, 64
L 554.4686, -809.4625, 40.5947,  554.4688, -849.3437, 40.5947,  64, 64, 64
L 575.0938, -809.3644, 40.5947,  554.4686, -809.4625, 40.5947,  64, 64, 64
L 575.0938, -849.3437, 40.5947,  575.0938, -809.3644, 40.5947,  64, 64, 64
L 629.4375, -849.3437, 40.5947,  575.0938, -849.3437, 40.5947,  64, 64, 64
L 629.4374, -764.3748, 40.5947,  629.4375, -849.3437, 40.5947,  64, 64, 64
L 710.0315, -764.3749, 40.5947,  629.4374, -764.3748, 40.5947,  64, 64, 64
L 710.0312, -914.9375, 40.5947,  710.0315, -764.3749, 40.5947,  64, 64, 64
L 514.4678, -914.9375, 40.5947,  710.0312, -914.9375, 40.5947,  64, 64, 64
L 514.4687, -849.3436, 40.5947,  514.4678, -914.9375, 40.5947,  64, 64, 64
L 500.1250, -929.3124, 40.5947,  500.1252, -849.3436, 40.5947,  64, 64, 64
L 724.4063, -929.3125, 40.5947,  500.1250, -929.3124, 40.5947,  64, 64, 64
L 724.4061, -809.3748, 40.5947,  724.4063, -929.3125, 40.5947,  64, 64, 64
L 774.3750, -809.3750, 40.5947,  724.4061, -809.3748, 40.5947,  64, 64, 64
L 774.3749, -640.0615, 40.5947,  774.3750, -809.3750, 40.5947,  64, 64, 64
L 683.0164, -549.4688, 41.5948,  682.9968, -535.0938, 41.6426,  64, 64, 64
L 681.0164, -535.0938, 42.5947,  681.0164, -549.4688, 42.5947,  64, 64, 64
L 679.0164, -549.4688, 43.5949,  679.0164, -535.0938, 43.5948,  64, 64, 64
L 676.9935, -535.0938, 44.6488,  677.0165, -549.4688, 44.5948,  64, 64, 64
L 675.0165, -549.4688, 45.5947,  675.0165, -535.0938, 45.5948,  64, 64, 64
L 673.0164, -535.0938, 46.5948,  673.0101, -549.4688, 46.6127,  64, 64, 64
L 671.0164, -549.4688, 47.5948,  671.0164, -535.0938, 47.5948,  64, 64, 64
L 669.0165, -535.0938, 48.5947,  669.0164, -549.4688, 48.5948,  64, 64, 64
L 667.0164, -549.4688, 49.5948,  666.9890, -535.0938, 49.6570,  64, 64, 64
L 665.0164, -535.0938, 50.5948,  665.0164, -549.4688, 50.5948,  64, 64, 64
L 663.0477, -549.4688, 51.5948,  663.0477, -535.0938, 51.5948,  64, 64, 64
L 659.0477, -535.0938, 53.5948,  659.0255, -549.4688, 53.6474,  64, 64, 64
L 660.9745, -535.0938, 52.7173,  661.0373, -549.4688, 52.6228,  64, 64, 64
L 657.0477, -549.4688, 54.5948,  657.0235, -535.0938, 54.6511,  64, 64, 64
L 655.0477, -535.0938, 55.5949,  655.0266, -549.4688, 55.6454,  64, 64, 64
L 653.0477, -549.4688, 56.5948,  653.0344, -535.0938, 56.6294,  64, 64, 64
L 651.0477, -535.0938, 57.5949,  651.0477, -549.4688, 57.5948,  64, 64, 64
L 649.0477, -549.4688, 58.5948,  649.0405, -535.0938, 58.6152,  64, 64, 64
L 647.0477, -535.0938, 59.5948,  646.9441, -549.4688, 59.7449,  64, 64, 64
L 645.0477, -549.4688, 60.5948,  645.0319, -535.0938, 60.6348,  64, 64, 64
L 643.0477, -535.0938, 61.5947,  643.0477, -549.4688, 61.5948,  64, 64, 64
L 641.0477, -549.4688, 62.5948,  641.0477, -535.0938, 62.5947,  64, 64, 64
L 639.0477, -535.0938, 63.5947,  638.9980, -549.4687, 63.6896,  64, 64, 64
L 637.0477, -549.4688, 64.5947,  637.0126, -535.0938, 64.6694,  64, 64, 64
L 635.0477, -535.0938, 65.5947,  635.0410, -549.4688, 65.6137,  64, 64, 64
L 633.0477, -549.4688, 66.5947,  633.0478, -535.0938, 66.5947,  64, 64, 64
L 631.0477, -535.0938, 67.5947,  631.0460, -549.4688, 67.5999,  64, 64, 64
L 629.0477, -549.4688, 68.5948,  629.0381, -535.0938, 68.6208,  64, 64, 64
L 627.0477, -535.0938, 69.5948,  627.0414, -549.4688, 69.6119,  64, 64, 64
L 625.0477, -549.4688, 70.5948,  624.9861, -535.0938, 70.7047,  64, 64, 64
L 623.0477, -535.0938, 71.5948,  622.9764, -549.4688, 71.7153,  64, 64, 64
L 621.0477, -549.4688, 72.5948,  621.0424, -535.0938, 72.6104,  64, 64, 64
L 619.0477, -535.0938, 73.5948,  619.0046, -549.4688, 73.6810,  64, 64, 64
L 617.0477, -549.4688, 74.5947,  617.0477, -535.0938, 74.5947,  64, 64, 64
L 615.0477, -535.0938, 75.5948,  615.0179, -549.4688, 75.6604,  64, 64, 64
L 613.0477, -549.4688, 76.5948,  613.0426, -535.0938, 76.6096,  64, 64, 64
L 611.0477, -535.0938, 77.5949,  611.0322, -549.4688, 77.6332,  64, 64, 64
L 609.0477, -549.4688, 78.5948,  609.0341, -535.0938, 78.6300,  64, 64, 64
L 607.0477, -535.0938, 79.5948,  607.0474, -549.4688, 79.5947,  64, 64, 64
L 605.0477, -549.4688, 80.5948,  605.0477, -535.0938, 80.5951,  64, 64, 64
L 603.0477, -549.4688, 81.5948,  603.0322, -535.0938, 81.6342,  64, 64, 64
L 601.0476, -535.0938, 82.5949,  601.0477, -549.4688, 82.5948,  64, 64, 64
L 599.0477, -549.4688, 83.5947,  598.9865, -535.0938, 83.7043,  64, 64, 64
L 597.0477, -535.0938, 84.5948,  597.0374, -549.4688, 84.6225,  64, 64, 64
L 595.0477, -549.4688, 85.5947,  595.0477, -535.0938, 85.5948,  64, 64, 64
L 593.0477, -535.0938, 86.5948,  593.0477, -549.4688, 86.5948,  64, 64, 64
L 591.0477, -549.4688, 87.5948,  591.0477, -535.0938, 87.5947,  64, 64, 64
L 589.0477, -535.0938, 88.5949,  589.0477, -549.4688, 88.5948,  64, 64, 64
L 587.0477, -549.4688, 89.5948,  587.0477, -535.0938, 89.5948,  64, 64, 64
L 585.0789, -535.0938, 90.5948,  585.0757, -549.4688, 90.6044,  64, 64, 64
L 583.0790, -549.4688, 91.5948,  583.0722, -535.0937, 91.6139,  64, 64, 64
L 581.0789, -535.0938, 92.5948,  581.0746, -549.4688, 92.6073,  64, 64, 64
L 579.0789, -549.4688, 93.5948,  579.0790, -535.0938, 93.5947,  64, 64, 64
L 577.0790, -535.0938, 94.5947,  577.0627, -549.4688, 94.6342,  64, 64, 64
L 685.0164, -535.0938, 40.5948,  577.0790, -535.0938, 94.5947,  64, 64, 64
L 577.0789, -549.4688, 94.5948,  685.0298, -549.4688, 41.5953,  64, 64, 64
L 550.0937, -549.4688, 95.5947,  577.0627, -549.4685, 95.5947,  64, 64, 64
L 550.0938, -535.0938, 95.5947,  550.0937, -549.4688, 95.5947,  64, 64, 64
L 609.4375, -600.0625, 38.6260,  575.0938, -600.0625, 38.6260,  0, 0, 240
L 609.4375, -609.4375, 38.6260,  609.4375, -600.0625, 38.6260,  0, 0, 240
L 594.6197, -609.4373, 38.6260,  609.4375, -609.4375, 38.6260,  0, 0, 240
L 584.4686, -619.6208, 38.6260,  594.6197, -609.4373, 38.6260,  0, 0, 240
L 584.4686, -634.4374, 38.6260,  584.4686, -619.6208, 38.6260,  0, 0, 240
L 575.0932, -634.4374, 38.6260,  584.4686, -634.4374, 38.6260,  0, 0, 240
L 575.0937, -600.0625, 38.6260,  575.0932, -634.4374, 38.6260,  0, 0, 240
L 575.0938, -660.0625, 38.6260,  575.0897, -694.4062, 38.6260,  0, 0, 240
L 584.4687, -660.0625, 38.6260,  575.0938, -660.0625, 38.6260,  0, 0, 240
L 584.4685, -674.8469, 38.6260,  584.4687, -660.0625, 38.6260,  0, 0, 240
L 594.5781, -685.0314, 38.6260,  584.4685, -674.8469, 38.6260,  0, 0, 240
L 609.4374, -685.0313, 38.6260,  594.5781, -685.0314, 38.6260,  0, 0, 240
L 609.4374, -694.4063, 38.6260,  609.4374, -685.0313, 38.6260,  0, 0, 240
L 575.0938, -694.4062, 38.6260,  609.4374, -694.4063, 38.6260,  0, 0, 240
L 654.4374, -659.4375, 38.6260,  654.4374, -659.4375, 38.6260,  64, 64, 64
L 620.0621, -659.4374, 38.6260,  654.4374, -659.4375, 38.6260,  0, 0, 240
L 620.0625, -635.0625, 38.6260,  620.0621, -659.4374, 38.6260,  0, 0, 240
L 654.4374, -635.0625, 38.6260,  620.0625, -635.0625, 38.6260,  0, 0, 240
L 654.4375, -659.4374, 38.6260,  654.4374, -635.0625, 38.6260,  0, 0, 240
L 569.4686, -700.0322, 40.5947,  569.4674, -654.4374, 40.5947,  64, 64, 64
L 615.0634, -700.0312, 40.5947,  569.4686, -700.0322, 40.5947,  64, 64, 64
L 615.0624, -679.4051, 40.5947,  615.0634, -700.0312, 40.5947,  64, 64, 64
L 599.8795, -679.4062, 40.5947,  615.0624, -679.4051, 40.5947,  64, 64, 64
L 590.0624, -669.5893, 40.5947,  599.8795, -679.4062, 40.5947,  64, 64, 64
L 590.0625, -654.4363, 40.5947,  590.0624, -669.5893, 40.5947,  64, 64, 64
L 569.4674, -654.4374, 40.5947,  590.0625, -654.4363, 40.5947,  64, 64, 64
L 569.4675, -594.4374, 40.5947,  615.0624, -594.4362, 40.5947,  64, 64, 64
L 569.4687, -640.0633, 40.5947,  569.4675, -594.4374, 40.5947,  64, 64, 64
L 590.0626, -640.0624, 40.5947,  569.4687, -640.0633, 40.5947,  64, 64, 64
L 590.0624, -624.8794, 40.5947,  590.0626, -640.0624, 40.5947,  64, 64, 64
L 599.8793, -615.0625, 40.5947,  590.0624, -624.8794, 40.5947,  64, 64, 64
L 615.0635, -615.0624, 40.5947,  599.8793, -615.0625, 40.5947,  64, 64, 64
L 615.0624, -594.4362, 40.5947,  615.0635, -615.0624, 40.5947,  64, 64, 64
L 655.0624, -569.6515, 40.5947,  655.0627, -579.9106, 40.5947,  64, 64, 64
L 644.8792, -559.4686, 40.5947,  655.0624, -569.6515, 40.5947,  64, 64, 64
L 634.6204, -559.4687, 40.5947,  644.8792, -559.4686, 40.5947,  64, 64, 64
L 624.4374, -569.6519, 40.5947,  634.6204, -559.4687, 40.5947,  64, 64, 64
L 624.4374, -579.9114, 40.5947,  624.4374, -569.6519, 40.5947,  64, 64, 64
L 634.6213, -590.0629, 40.5947,  624.4374, -579.9114, 40.5947,  64, 64, 64
L 644.8792, -590.0626, 40.5947,  634.6213, -590.0629, 40.5947,  64, 64, 64
L 655.0627, -579.9106, 40.5947,  644.8792, -590.0626, 40.5947,  64, 64, 64
L 614.4363, -629.2418, 40.5947,  660.0624, -629.4482, 40.5947,  64, 64, 64
L 614.4374, -665.0322, 40.5947,  614.4363, -629.2418, 40.5947,  64, 64, 64
L 660.0625, -665.0312, 40.5947,  614.4374, -665.0322, 40.5947,  64, 64, 64
L 660.0624, -629.4482, 40.5947,  660.0625, -665.0312, 40.5947,  64, 64, 64
L 732.2702, -651.8707, 40.5947,  732.2702, -651.8707, 40.5947,  64, 64, 64
L 699.4059, -640.0624, 40.5947,  774.3749, -640.0621, 40.5947,  64, 64, 64
L 699.4063, -535.0936, 40.5947,  699.4059, -640.0624, 40.5947,  64, 64, 64
L 699.4063, -535.0938, 40.5947,  685.0164, -535.0938, 40.5950,  64, 64, 64
L 685.0323, -552.0938, 40.5947,  685.0165, -535.0938, 40.5947,  64, 64, 64
L 550.0938, -552.0938, 40.5947,  685.0323, -552.0938, 40.5947,  64, 64, 64
L 550.0933, -714.4062, 40.5947,  550.0938, -552.0938, 40.5947,  64, 64, 64
L 699.4062, -714.4063, 40.5947,  550.0933, -714.4062, 40.5947,  64, 64, 64
L 699.4062, -654.4374, 40.5947,  699.4062, -714.4063, 40.5947,  64, 64, 64
L 724.8513, -654.4374, 40.5947,  699.4062, -654.4374, 40.5947,  64, 64, 64
L 760.0001, -689.5894, 40.5947,  724.8513, -654.4374, 40.5947,  64, 64, 64
L 759.9999, -795.0000, 40.5947,  760.0001, -689.5894, 40.5947,  64, 64, 64
L 724.4061, -794.9999, 40.5947,  759.9999, -795.0000, 40.5947,  64, 64, 64
L 724.4063, -749.9995, 40.5947,  724.4061, -794.9999, 40.5947,  64, 64, 64
L 629.4373, -750.0000, 40.5947,  724.4063, -749.9995, 40.5947,  64, 64, 64
L 629.4374, -735.0313, 40.5947,  629.4373, -750.0000, 40.5947,  64, 64, 64
L 575.0938, -735.0313, 40.5947,  629.4374, -735.0313, 40.5947,  64, 64, 64
L 575.0937, -795.0000, 40.5947,  575.0938, -735.0313, 40.5947,  64, 64, 64
L 575.0937, -795.0000, 40.5947,  554.4686, -795.0000, 40.5947,  64, 64, 64
L 554.4687, -749.9994, 40.5947,  554.4686, -795.0000, 40.5947,  64, 64, 64
L 465.1250, -750.0000, 40.5947,  554.4687, -749.9994, 40.5947,  64, 64, 64
L 465.1250, -795.0001, 40.5947,  465.1250, -750.0000, 40.5947,  64, 64, 64
L 444.4998, -794.9999, 40.5947,  465.1250, -795.0001, 40.5947,  64, 64, 64
L 444.5000, -749.9993, 40.5947,  444.4998, -794.9999, 40.5947,  64, 64, 64
L 355.1563, -750.0000, 40.5947,  444.5000, -749.9993, 40.5947,  64, 64, 64
L 355.1562, -795.0000, 40.5947,  355.1563, -750.0000, 40.5947,  64, 64, 64
L 334.5624, -795.0000, 40.5947,  355.1562, -795.0000, 40.5947,  64, 64, 64
L 334.5625, -734.4060, 40.5947,  334.5624, -795.0000, 40.5947,  64, 64, 64
L 354.7144, -734.4062, 40.5947,  334.5625, -734.4060, 40.5947,  64, 64, 64
L 384.7144, -704.4059, 40.5947,  354.7144, -734.4062, 40.5947,  64, 64, 64
L 419.5312, -704.4063, 40.5947,  384.7144, -704.4059, 40.5947,  64, 64, 64
L 419.5312, -614.6823, 40.5947,  419.5312, -704.4063, 40.5947,  64, 64, 64
L 439.5001, -604.5569, 40.5947,  419.5312, -614.6823, 40.5947,  64, 64, 64
L 439.5000, -524.9736, 40.5947,  439.5001, -604.5569, 40.5947,  64, 64, 64
L 419.5312, -514.9742, 40.5947,  439.5000, -524.9736, 40.5947,  64, 64, 64
L 419.5312, -435.1246, 40.5947,  419.5312, -514.9742, 40.5947,  64, 64, 64
L 384.7144, -435.1250, 40.5947,  419.5312, -435.1246, 40.5947,  64, 64, 64
L 354.7144, -405.1562, 40.5947,  384.7144, -435.1250, 40.5947,  64, 64, 64
L 336.5625, -405.1562, 40.5947,  354.7144, -405.1562, 40.5947,  64, 64, 64
L 336.5625, -390.7182, 40.5947,  336.5625, -405.1562, 40.5947,  64, 64, 64
L 354.7452, -362.1564, 40.5947,  362.5312, -362.1559, 40.5947,  64, 64, 64
L 349.5623, -356.9867, 40.5947,  354.7452, -362.1564, 40.5947,  64, 64, 64
L 349.5625, -342.7199, 40.5947,  349.5623, -356.9867, 40.5947,  64, 64, 64
L 354.7430, -338.5541, 40.5947,  349.5625, -342.7199, 40.5947,  64, 64, 64
L 362.5312, -338.5772, 40.5947,  354.7430, -338.5541, 40.5947,  64, 64, 64
L 334.5620, -269.5936, 40.5947,  334.5787, -309.9941, 40.5947,  64, 64, 64
L 413.1563, -269.5937, 40.5947,  334.5620, -269.5936, 40.5947,  64, 64, 64
L 413.1562, -360.1563, 40.5947,  413.1563, -269.5937, 40.5947,  64, 64, 64
L 398.1563, -360.1563, 40.5947,  413.1562, -360.1563, 40.5947,  64, 64, 64
L 398.1563, -374.5313, 40.5947,  398.1563, -360.1563, 40.5947,  64, 64, 64
L 427.5313, -374.5312, 40.5947,  398.1563, -374.5313, 40.5947,  64, 64, 64
L 427.5312, -344.5624, 40.5947,  427.5313, -374.5312, 40.5947,  64, 64, 64
L 510.0937, -344.5625, 40.5947,  427.5312, -344.5624, 40.5947,  64, 64, 64
L 510.0938, -350.1875, 40.5947,  510.0937, -344.5625, 40.5947,  64, 64, 64
L 460.1250, -350.1875, 40.5947,  510.0938, -350.1875, 40.5947,  64, 64, 64
L 460.1250, -389.5311, 40.5947,  460.1250, -350.1875, 40.5947,  64, 64, 64
L 521.4686, -389.5312, 40.5947,  460.1250, -389.5311, 40.5947,  64, 64, 64
L 521.4687, -350.1870, 40.5947,  521.4686, -389.5312, 40.5947,  64, 64, 64
L 519.4687, -350.1878, 40.5947,  521.4687, -350.1870, 40.5947,  64, 64, 64
L 519.4687, -344.5625, 40.5947,  519.4687, -350.1878, 40.5947,  64, 64, 64
L 595.0625, -344.5625, 40.5947,  519.4687, -344.5625, 40.5947,  64, 64, 64
L 595.0625, -350.1875, 40.5947,  595.0625, -344.5625, 40.5947,  64, 64, 64
L 593.0625, -350.1875, 40.5947,  595.0625, -350.1875, 40.5947,  64, 64, 64
L 593.0625, -389.5312, 40.5947,  593.0625, -350.1875, 40.5947,  64, 64, 64
L 654.4373, -389.5312, 40.5947,  593.0625, -389.5312, 40.5947,  64, 64, 64
L 654.4375, -350.1875, 40.5947,  654.4373, -389.5312, 40.5947,  64, 64, 64
L 604.4374, -350.1875, 40.5947,  654.4375, -350.1875, 40.5947,  64, 64, 64
L 604.4374, -344.5625, 40.5947,  604.4374, -350.1875, 40.5947,  64, 64, 64
L 685.0313, -344.5625, 40.5947,  604.4374, -344.5625, 40.5947,  64, 64, 64
L 685.0312, -405.1563, 40.5947,  685.0313, -344.5625, 40.5947,  64, 64, 64
L 564.4686, -405.1563, 40.5947,  685.0312, -405.1563, 40.5947,  64, 64, 64
L 564.4688, -365.1562, 40.5947,  564.4686, -405.1563, 40.5947,  64, 64, 64
L 550.0938, -365.1563, 40.5947,  564.4688, -365.1562, 40.5947,  64, 64, 64
L 550.0938, -419.5313, 40.5947,  550.0938, -365.1563, 40.5947,  64, 64, 64
L 699.4062, -419.5312, 40.5947,  550.0938, -419.5313, 40.5947,  64, 64, 64
L 699.4062, -344.5625, 40.5947,  699.4062, -419.5312, 40.5947,  64, 64, 64
L 779.9999, -344.5625, 40.5947,  699.4062, -344.5625, 40.5947,  64, 64, 64
L 780.0000, -350.1875, 40.5947,  779.9999, -344.5625, 40.5947,  64, 64, 64
L 730.0313, -350.1875, 40.5947,  780.0000, -350.1875, 40.5947,  64, 64, 64
L 730.0313, -389.5312, 40.5947,  730.0313, -350.1875, 40.5947,  64, 64, 64
L 791.3749, -389.5312, 40.5947,  730.0313, -389.5312, 40.5947,  64, 64, 64
L 791.3749, -350.1870, 40.5947,  791.3749, -389.5312, 40.5947,  64, 64, 64
L 789.3749, -350.1879, 40.5947,  791.3749, -350.1870, 40.5947,  64, 64, 64
L 789.3749, -344.5623, 40.5947,  789.3749, -350.1879, 40.5947,  64, 64, 64
L 820.0001, -344.5624, 40.5947,  789.3749, -344.5623, 40.5947,  64, 64, 64
L 820.0000, -374.5313, 40.5947,  820.0001, -344.5624, 40.5947,  64, 64, 64
L 859.3437, -374.5312, 40.5947,  820.0000, -374.5313, 40.5947,  64, 64, 64
L 859.3437, -360.1558, 40.5947,  859.3437, -374.5312, 40.5947,  64, 64, 64
L 844.3959, -360.1563, 40.5947,  859.3437, -360.1558, 40.5947,  64, 64, 64
L 834.3436, -360.1563, 40.5947,  844.3959, -360.1563, 40.5947,  64, 64, 64
L 834.3438, -255.2185, 40.5947,  834.3436, -360.1563, 40.5947,  64, 64, 64
L 820.0000, -255.2188, 40.5947,  834.3438, -255.2185, 40.5947,  64, 64, 64
L 819.9999, -330.1875, 40.5947,  820.0000, -255.2188, 40.5947,  64, 64, 64
L 744.4131, -330.1875, 40.5947,  819.9999, -330.1875, 40.5947,  64, 64, 64
L 739.4062, -330.1875, 40.5947,  746.9554, -330.1876, 40.5947,  64, 64, 64
L 739.4062, -324.5625, 40.5947,  739.4062, -330.1875, 40.5947,  64, 64, 64
L 789.3748, -324.5624, 40.5947,  739.4062, -324.5625, 40.5947,  64, 64, 64
L 789.3749, -285.1875, 40.5947,  789.3748, -324.5624, 40.5947,  64, 64, 64
L 728.0313, -285.1875, 40.5947,  789.3749, -285.1875, 40.5947,  64, 64, 64
L 728.0309, -324.5625, 40.5947,  728.0313, -285.1875, 40.5947,  64, 64, 64
L 730.0313, -324.5625, 40.5947,  728.0309, -324.5625, 40.5947,  64, 64, 64
L 730.0312, -330.1875, 40.5947,  730.0313, -324.5625, 40.5947,  64, 64, 64
L 654.4374, -330.1875, 40.5947,  730.0312, -330.1875, 40.5947,  64, 64, 64
L 654.4374, -324.5625, 40.5947,  654.4374, -330.1875, 40.5947,  64, 64, 64
L 656.4374, -324.5625, 40.5947,  654.4374, -324.5625, 40.5947,  64, 64, 64
L 656.4373, -285.1875, 40.5947,  656.4374, -324.5625, 40.5947,  64, 64, 64
L 595.0625, -285.1876, 40.5947,  656.4373, -285.1875, 40.5947,  64, 64, 64
L 595.0625, -324.5625, 40.5947,  595.0625, -285.1876, 40.5947,  64, 64, 64
L 645.0625, -324.5625, 40.5947,  595.0625, -324.5625, 40.5947,  64, 64, 64
L 645.0624, -330.1875, 40.5947,  645.0625, -324.5625, 40.5947,  64, 64, 64
L 564.4687, -330.1875, 40.5947,  645.0624, -330.1875, 40.5947,  64, 64, 64
L 564.4687, -269.5937, 40.5947,  564.4687, -330.1875, 40.5947,  64, 64, 64
L 685.0313, -269.5937, 40.5947,  564.4687, -269.5937, 40.5947,  64, 64, 64
L 685.0305, -309.5625, 40.5947,  685.0313, -269.5937, 40.5947,  64, 64, 64
L 699.4062, -309.5624, 40.5947,  685.0305, -309.5625, 40.5947,  64, 64, 64
L 699.4063, -255.2188, 40.5947,  699.4062, -309.5624, 40.5947,  64, 64, 64
L 550.0938, -255.2188, 40.5947,  699.4063, -255.2188, 40.5947,  64, 64, 64
L 550.0937, -330.1875, 40.5947,  550.0938, -255.2188, 40.5947,  64, 64, 64
L 469.4999, -330.1875, 40.5947,  550.0937, -330.1875, 40.5947,  64, 64, 64
L 469.5000, -324.5625, 40.5947,  469.4999, -330.1875, 40.5947,  64, 64, 64
L 519.4686, -324.5625, 40.5947,  469.5000, -324.5625, 40.5947,  64, 64, 64
L 519.4687, -285.1875, 40.5947,  519.4686, -324.5625, 40.5947,  64, 64, 64
L 458.1250, -285.1875, 40.5947,  519.4687, -285.1875, 40.5947,  64, 64, 64
L 458.1250, -324.5625, 40.5947,  458.1250, -285.1875, 40.5947,  64, 64, 64
L 460.1250, -324.5625, 40.5947,  458.1250, -324.5625, 40.5947,  64, 64, 64
L 460.1250, -330.1875, 40.5947,  460.1250, -324.5625, 40.5947,  64, 64, 64
L 427.5312, -330.1875, 40.5947,  460.1250, -330.1875, 40.5947,  64, 64, 64
L 427.5312, -224.5937, 40.5947,  427.5312, -330.1875, 40.5947,  64, 64, 64
L 429.5205, -224.5937, 40.5947,  427.5312, -224.5937, 40.5947,  64, 64, 64
L 241.5937, -354.5312, 45.5947,  293.1875, -354.5312, 45.5947,  64, 64, 64
L 293.1875, -345.1875, 45.5947,  239.5937, -345.1875, 45.5947,  64, 64, 64
L 293.1875, -342.5772, 43.5947,  293.1875, -358.1562, 43.5947,  64, 64, 64
L 300.0044, -360.1562, 41.5947,  293.1875, -360.1563, 41.5947,  64, 64, 64
L 304.1875, -355.9731, 41.5947,  300.0044, -360.1562, 41.5947,  64, 64, 64
L 304.1875, -343.7194, 41.5947,  304.1875, -355.9731, 41.5947,  64, 64, 64
L 299.9794, -340.5624, 41.5950,  304.1875, -343.7194, 41.5947,  64, 64, 64
L 293.1870, -340.5625, 41.5947,  299.9794, -340.5624, 41.5947,  64, 64, 64
L 306.1875, -342.7248, 40.5947,  301.0029, -338.5771, 40.5947,  64, 64, 64
L 306.1875, -356.9731, 40.5947,  306.1875, -342.7248, 40.5947,  64, 64, 64
L 301.0044, -362.1563, 40.5947,  306.1875, -356.9731, 40.5947,  64, 64, 64
L 293.1875, -362.1563, 40.5947,  301.0044, -362.1563, 40.5947,  64, 64, 64
L 293.1875, -358.1563, 42.5947,  293.1875, -362.1563, 40.5947,  64, 64, 64
L 299.0044, -358.1563, 42.5947,  293.1875, -358.1563, 42.5947,  64, 64, 64
L 302.1875, -354.9732, 42.5947,  299.0044, -358.1563, 42.5947,  64, 64, 64
L 302.1875, -344.7077, 42.5947,  302.1875, -354.9732, 42.5947,  64, 64, 64
L 298.9916, -342.5771, 42.5947,  302.1875, -344.7077, 42.5947,  64, 64, 64
L 293.1875, -342.5772, 42.5947,  298.9916, -342.5771, 42.5947,  64, 64, 64
L 293.1875, -338.5772, 40.5947,  293.1875, -342.5772, 42.5947,  64, 64, 64
L 293.1875, -338.5780, 40.5972,  301.0029, -338.5771, 40.5947,  64, 64, 64
L 293.1875, -337.0044, 40.5947,  293.1875, -338.5780, 40.5972,  64, 64, 64
L 320.1876, -310.0043, 40.5947,  293.1875, -337.0044, 40.5947,  64, 64, 64
L 320.1875, -255.2188, 40.5947,  320.1876, -310.0043, 40.5947,  64, 64, 64
L 413.1563, -255.2188, 40.5947,  320.1875, -255.2188, 40.5947,  64, 64, 64
L 413.1563, -210.2188, 40.5947,  413.1563, -255.2188, 40.5947,  64, 64, 64
L 430.0952, -210.2188, 40.5947,  413.1563, -210.2188, 40.5947,  64, 64, 64
L 446.1103, -210.2188, 31.6260,  446.0959, -224.5938, 31.6627,  64, 64, 64
L 444.1102, -224.5938, 32.6260,  444.1102, -210.2188, 32.6260,  64, 64, 64
L 442.1103, -210.2188, 33.6261,  442.0932, -224.5938, 33.6682,  64, 64, 64
L 440.1102, -224.5938, 34.6260,  440.0774, -210.2188, 34.6971,  64, 64, 64
L 438.1102, -210.2188, 35.6261,  438.1052, -224.5938, 35.6406,  64, 64, 64
L 436.1102, -224.5938, 36.6260,  436.0966, -210.2188, 36.6614,  64, 64, 64
L 434.1103, -210.2188, 37.6260,  434.1103, -224.5938, 37.6260,  64, 64, 64
L 432.1102, -224.5938, 38.6260,  432.1102, -210.2188, 38.6260,  64, 64, 64
L 430.0952, -210.2188, 39.6330,  430.0984, -224.5938, 39.6260,  64, 64, 64
L 430.0984, -224.5938, 39.6260,  448.1183, -224.5938, 31.6286,  64, 64, 64
L 430.0984, -210.2188, 39.6260,  448.1102, -210.2188, 30.6260,  64, 64, 64
L 448.1102, -210.2188, 30.6260,  448.1253, -237.2040, 30.6260,  64, 64, 64
L 462.5000, -210.2187, 30.6260,  448.1102, -210.2188, 30.6260,  64, 64, 64
L 462.5000, -210.2188, 30.6260,  462.4999, -237.2040, 30.6260,  64, 64, 64
L 462.5000, -253.2040, 21.6260,  448.1250, -253.2036, 21.6274,  64, 64, 64
L 448.1250, -251.2040, 22.6260,  462.5000, -251.1821, 22.6776,  64, 64, 64
L 462.5000, -249.2039, 23.6262,  448.1250, -249.1595, 23.7143,  64, 64, 64
L 448.1250, -247.2040, 24.6261,  462.5000, -247.1374, 24.7410,  64, 64, 64
L 462.5000, -245.2040, 25.6260,  448.1250, -245.2040, 25.6260,  64, 64, 64
L 448.1250, -243.2040, 26.6260,  462.5000, -243.1865, 26.6692,  64, 64, 64
L 462.5000, -241.2037, 27.6260,  448.1250, -241.2007, 27.6358,  64, 64, 64
L 448.1250, -239.2040, 28.6260,  462.5000, -239.1986, 28.6416,  64, 64, 64
L 462.5000, -237.2040, 29.6260,  448.1250, -237.2040, 29.6260,  64, 64, 64
L 462.5000, -255.2147, 21.6260,  462.5000, -237.2040, 29.6260,  64, 64, 64
L 448.1250, -237.2040, 29.6260,  448.1250, -255.2040, 20.6261,  64, 64, 64
L 448.1250, -255.2040, 20.6261,  473.1102, -255.2225, 20.6260,  64, 64, 64
L 448.1250, -269.5937, 20.6260,  448.1250, -255.2040, 20.6261,  64, 64, 64
L 448.1250, -269.5938, 20.6260,  473.1082, -269.5937, 20.6260,  64, 64, 64
L 489.1102, -255.2188, 11.6260,  489.0752, -269.5938, 11.7004,  64, 64, 64
L 487.1102, -269.5938, 12.6260,  487.1102, -255.2188, 12.6260,  64, 64, 64
L 485.1102, -255.2188, 13.6260,  485.1080, -269.5938, 13.6328,  64, 64, 64
L 483.1102, -269.5938, 14.6260,  483.1060, -255.2188, 14.6385,  64, 64, 64
L 481.1102, -255.2188, 15.6260,  481.0813, -269.5938, 15.6902,  64, 64, 64
L 479.1102, -269.5938, 16.6260,  479.1102, -255.2188, 16.6260,  64, 64, 64
L 477.1102, -255.2188, 17.6260,  477.0739, -269.5938, 17.7022,  64, 64, 64
L 475.1102, -269.5938, 18.6260,  475.1102, -255.2188, 18.6260,  64, 64, 64
L 473.1103, -255.2188, 19.6260,  473.1082, -269.5938, 19.6322,  64, 64, 64
L 473.0856, -269.5938, 19.6827,  491.1102, -269.5938, 10.6260,  64, 64, 64
L 473.1103, -255.2188, 19.6260,  491.1102, -255.2188, 10.6260,  64, 64, 64
L 469.8535, -167.3381, 10.6260,  469.9361, -135.2500, 10.6260,  64, 64, 64
L 464.4218, -167.3381, 10.6260,  469.8535, -167.3381, 10.6260,  64, 64, 64
L 464.4218, -167.3381, 10.6260,  464.5059, -135.2500, 10.6260,  64, 64, 64
L 560.0938, -149.1446, 10.0010,  560.0938, -149.1446, 10.0010,  64, 64, 64
L 560.0938, -165.2248, 10.6260,  560.0938, -147.6397, 10.6260,  64, 64, 64
L 539.4686, -165.2512, 10.6260,  560.0938, -165.2248, 10.6260,  64, 64, 64
L 539.4688, -115.2813, 10.6260,  539.4686, -165.2512, 10.6260,  64, 64, 64
L 369.9730, -115.2813, 10.6260,  539.4688, -115.2813, 10.6260,  64, 64, 64
L 225.2188, -260.0356, 10.6260,  369.9730, -115.2813, 10.6260,  64, 64, 64
L 225.2188, -329.5625, 10.6260,  225.2188, -260.0356, 10.6260,  64, 64, 64
L 239.5939, -329.5625, 10.6260,  225.2188, -329.5625, 10.6260,  64, 64, 64
L 239.5937, -309.5625, 10.6260,  239.5939, -329.5625, 10.6260,  64, 64, 64
L 245.2187, -309.5625, 10.6260,  239.5937, -309.5625, 10.6260,  64, 64, 64
L 245.2188, -319.7455, 10.6260,  245.2187, -309.5625, 10.6260,  64, 64, 64
L 255.0357, -329.5625, 10.6260,  245.2188, -319.7455, 10.6260,  64, 64, 64
L 284.7455, -329.5625, 10.6260,  255.0357, -329.5625, 10.6260,  64, 64, 64
L 294.5625, -319.7455, 10.6260,  284.7455, -329.5625, 10.6260,  64, 64, 64
L 294.5625, -285.0040, 10.6260,  294.5625, -319.7455, 10.6260,  64, 64, 64
L 284.7455, -275.1875, 10.6260,  294.5625, -285.0040, 10.6260,  64, 64, 64
L 255.0356, -275.1875, 10.6260,  284.7455, -275.1875, 10.6260,  64, 64, 64
L 245.2188, -285.0044, 10.6260,  255.0356, -275.1875, 10.6260,  64, 64, 64
L 245.2187, -295.1875, 10.6260,  245.2188, -285.0044, 10.6260,  64, 64, 64
L 239.5935, -295.1875, 10.6260,  245.2187, -295.1875, 10.6260,  64, 64, 64
L 239.5936, -259.7774, 10.6260,  239.5935, -295.1875, 10.6260,  64, 64, 64
L 369.7150, -129.6249, 10.6260,  239.5936, -259.7774, 10.6260,  64, 64, 64
L 420.1562, -129.6250, 10.6260,  369.7150, -129.6249, 10.6260,  64, 64, 64
L 420.1563, -135.2500, 10.6260,  420.1562, -129.6250, 10.6260,  64, 64, 64
L 410.1563, -135.2500, 10.6260,  420.1563, -135.2500, 10.6260,  64, 64, 64
L 410.1557, -159.9455, 10.6260,  410.1563, -135.2500, 10.6260,  64, 64, 64
L 419.7729, -159.9154, 10.6260,  410.1557, -159.9455, 10.6260,  64, 64, 64
L 418.5544, -167.4406, 10.6260,  419.7729, -159.9154, 10.6260,  64, 64, 64
L 419.7680, -174.9368, 10.6260,  418.5544, -167.4406, 10.6260,  64, 64, 64
L 410.1563, -174.9358, 10.6260,  419.7680, -174.9368, 10.6260,  64, 64, 64
L 410.1563, -199.5937, 10.6260,  410.1563, -174.9358, 10.6260,  64, 64, 64
L 494.5001, -199.5938, 10.6260,  410.1563, -199.5937, 10.6260,  64, 64, 64
L 494.4999, -135.2500, 10.6260,  494.5001, -199.5938, 10.6260,  64, 64, 64
L 434.5000, -135.2500, 10.6260,  494.4999, -135.2500, 10.6260,  64, 64, 64
L 434.5000, -129.6249, 10.6260,  434.5000, -135.2500, 10.6260,  64, 64, 64
L 525.0938, -129.6250, 10.6260,  434.5000, -129.6249, 10.6260,  64, 64, 64
L 525.0937, -255.2188, 10.6260,  525.0938, -129.6250, 10.6260,  64, 64, 64
L 491.1102, -255.2188, 10.6260,  525.0937, -255.2188, 10.6260,  64, 64, 64
L 491.1102, -269.5938, 10.6260,  491.1102, -255.2188, 10.6260,  64, 64, 64
L 539.4687, -269.5940, 10.6260,  491.1102, -269.5938, 10.6260,  64, 64, 64
L 539.4687, -179.6250, 10.6260,  539.4687, -269.5940, 10.6260,  64, 64, 64
L 560.0937, -179.6250, 10.6260,  539.4687, -179.6250, 10.6260,  64, 64, 64
L 560.0938, -214.5938, 10.6260,  560.0937, -179.6250, 10.6260,  64, 64, 64
L 659.4374, -214.5937, 10.6260,  560.0938, -214.5938, 10.6260,  64, 64, 64
L 659.4375, -140.2500, 10.6260,  659.4374, -214.5937, 10.6260,  64, 64, 64
L 625.0625, -140.2500, 10.6260,  659.4375, -140.2500, 10.6260,  64, 64, 64
L 625.0625, -154.6420, 10.6329,  625.0625, -140.2500, 10.6260,  64, 64, 64
L 645.0625, -154.6244, 10.6260,  625.0625, -154.6420, 10.6329,  64, 64, 64
L 645.0624, -200.2188, 10.6260,  645.0625, -154.6244, 10.6260,  64, 64, 64
L 574.4687, -200.2188, 10.6260,  645.0624, -200.2188, 10.6260,  64, 64, 64
L 574.4687, -147.6397, 10.6260,  574.4687, -200.2188, 10.6260,  64, 64, 64
L 560.0938, -131.6397, 1.6260,  574.4688, -131.6462, 1.6443,  64, 64, 64
L 574.4688, -133.6397, 2.6260,  560.0938, -133.6414, 2.6313,  64, 64, 64
L 560.0938, -135.6397, 3.6260,  574.4688, -135.6668, 3.6874,  64, 64, 64
L 574.4687, -137.6400, 4.6260,  560.0938, -137.6397, 4.6260,  64, 64, 64
L 560.0938, -139.6397, 5.6260,  574.4688, -139.6810, 5.7095,  64, 64, 64
L 574.4688, -141.6397, 6.6260,  560.0938, -141.6624, 6.6795,  64, 64, 64
L 560.0938, -143.6397, 7.6260,  574.4688, -143.6682, 7.6896,  64, 64, 64
L 574.4688, -145.6397, 8.6260,  560.0938, -145.6397, 8.6260,  64, 64, 64
L 560.0938, -147.6397, 9.6260,  574.4688, -147.6397, 9.6260,  64, 64, 64
L 574.4688, -147.6400, 9.6260,  574.4688, -129.6034, 1.6260,  64, 64, 64
L 560.0938, -147.6397, 9.6260,  560.0938, -129.6397, 0.6260,  64, 64, 64
L 560.0938, -129.6397, 0.6260,  577.0789, -129.5968, 0.6260,  64, 64, 64
L 560.0938, -115.2813, 0.6260,  560.0938, -129.6397, 0.6260,  64, 64, 64
L 577.0789, -115.2813, 0.6260,  560.0938, -115.2813, 0.6260,  64, 64, 64
L 593.0477, -115.2813, -8.3740,  593.0477, -129.6250, -8.3740,  64, 64, 64
L 591.0477, -129.6250, -7.3739,  591.0477, -115.2813, -7.3739,  64, 64, 64
L 589.0477, -115.2813, -6.3738,  589.0477, -129.6250, -6.3740,  64, 64, 64
L 587.0477, -129.6250, -5.3740,  587.0477, -115.2813, -5.3740,  64, 64, 64
L 581.0695, -115.2813, -2.3481,  581.0621, -129.6250, -2.3320,  64, 64, 64
L 583.0788, -129.6250, -3.3740,  583.0765, -115.2813, -3.3665,  64, 64, 64
L 585.0735, -115.2813, -4.3583,  585.0781, -129.6250, -4.3740,  64, 64, 64
L 581.0787, -129.6250, -2.3737,  585.0783, -129.6250, -4.3740,  64, 64, 64
L 579.0789, -129.6250, -1.3740,  579.0649, -115.2813, -1.3377,  64, 64, 64
L 577.0789, -115.2813, -0.3740,  577.0789, -129.6250, -0.3740,  64, 64, 64
L 577.0724, -129.6250, -0.3555,  595.0477, -129.6250, -9.3740,  64, 64, 64
L 577.0789, -115.2813, -0.3740,  595.0477, -115.2813, -9.3740,  64, 64, 64
L 889.9687, -184.6250, 10.6260,  789.3748, -184.6249, 10.6260,  64, 64, 64
L 889.9688, -210.2188, 10.6260,  889.9687, -184.6250, 10.6260,  64, 64, 64
L 884.3437, -210.2188, 10.6260,  889.9688, -210.2188, 10.6260,  64, 64, 64
L 884.3437, -195.2494, 10.6260,  884.3437, -210.2188, 10.6260,  64, 64, 64
L 820.0000, -195.2500, 10.6260,  884.3437, -195.2494, 10.6260,  64, 64, 64
L 820.0000, -239.5937, 10.6260,  820.0000, -195.2500, 10.6260,  64, 64, 64
L 884.3437, -239.5937, 10.6260,  820.0000, -239.5937, 10.6260,  64, 64, 64
L 884.3437, -224.5937, 10.6260,  884.3437, -239.5937, 10.6260,  64, 64, 64
L 889.9687, -224.5937, 10.6260,  884.3437, -224.5937, 10.6260,  64, 64, 64
L 889.9688, -254.7770, 10.6260,  889.9687, -224.5937, 10.6260,  64, 64, 64
L 904.9374, -269.7768, 10.6260,  889.9688, -254.7770, 10.6260,  64, 64, 64
L 904.9376, -335.0042, 10.6260,  904.9374, -269.7768, 10.6260,  64, 64, 64
L 889.9687, -350.0042, 10.6260,  904.9376, -335.0042, 10.6260,  64, 64, 64
L 889.9688, -374.5312, 10.6260,  889.9687, -350.0042, 10.6260,  64, 64, 64
L 904.3124, -374.5312, 10.6260,  889.9688, -374.5312, 10.6260,  64, 64, 64
L 904.3124, -349.7455, 10.6260,  904.3124, -374.5312, 10.6260,  64, 64, 64
L 919.3125, -334.7455, 10.6260,  904.3124, -349.7455, 10.6260,  64, 64, 64
L 919.3125, -270.0356, 10.6260,  919.3125, -334.7455, 10.6260,  64, 64, 64
L 904.3123, -255.0356, 10.6260,  919.3125, -270.0356, 10.6260,  64, 64, 64
L 904.3124, -170.2500, 10.6260,  904.3123, -255.0356, 10.6260,  64, 64, 64
L 789.3748, -170.2500, 10.6260,  904.3124, -170.2500, 10.6260,  64, 64, 64
L 755.0000, -150.2500, 10.6260,  755.0000, -147.6397, 10.6260,  64, 64, 64
L 735.0313, -150.2500, 10.6260,  755.0000, -150.2500, 10.6260,  64, 64, 64
L 735.0312, -170.2500, 10.6260,  735.0313, -150.2500, 10.6260,  64, 64, 64
L 729.4062, -170.2500, 10.6260,  735.0312, -170.2500, 10.6260,  64, 64, 64
L 729.4062, -150.2493, 10.6260,  729.4062, -170.2500, 10.6260,  64, 64, 64
L 675.0313, -150.2500, 10.6260,  729.4062, -150.2493, 10.6260,  64, 64, 64
L 675.0313, -204.5937, 10.6260,  675.0313, -150.2500, 10.6260,  64, 64, 64
L 729.4062, -204.5940, 10.6260,  675.0313, -204.5937, 10.6260,  64, 64, 64
L 729.4062, -184.6250, 10.6260,  729.4062, -204.5940, 10.6260,  64, 64, 64
L 735.0312, -184.6250, 10.6260,  729.4062, -184.6250, 10.6260,  64, 64, 64
L 735.0313, -204.5937, 10.6260,  735.0312, -184.6250, 10.6260,  64, 64, 64
L 789.3749, -204.5937, 10.6260,  735.0313, -204.5937, 10.6260,  64, 64, 64
L 789.3748, -184.6249, 10.6260,  789.3749, -204.5937, 10.6260,  64, 64, 64
L 789.3749, -150.2495, 10.6260,  789.3748, -170.2500, 10.6260,  64, 64, 64
L 769.3749, -150.2500, 10.6260,  789.3749, -150.2495, 10.6260,  64, 64, 64
L 769.3749, -147.6403, 10.6260,  769.3749, -150.2500, 10.6260,  64, 64, 64
L 769.3749, -131.6398, 1.6263,  755.0000, -131.6528, 1.6601,  64, 64, 64
L 755.0000, -133.6397, 2.6260,  769.3749, -133.6404, 2.6260,  64, 64, 64
L 769.3749, -135.6589, 3.6719,  755.0000, -135.6999, 3.7342,  64, 64, 64
L 769.3750, -137.6398, 4.6260,  755.0000, -137.6557, 4.6663,  64, 64, 64
L 755.0000, -139.6709, 5.6943,  769.3749, -139.6675, 5.6877,  64, 64, 64
L 755.0000, -141.6397, 6.6260,  769.3750, -141.6418, 6.6320,  64, 64, 64
L 769.3749, -143.6398, 7.6263,  755.0000, -143.7211, 7.7567,  64, 64, 64
L 755.0000, -145.6397, 8.6260,  769.3750, -145.6852, 8.7156,  64, 64, 64
L 769.3749, -147.6403, 9.6260,  755.0000, -147.6397, 9.6260,  64, 64, 64
L 755.0000, -147.6397, 9.6260,  755.0000, -129.6250, 1.6260,  64, 64, 64
L 769.3749, -147.6405, 9.6260,  769.3748, -129.6399, 0.6260,  64, 64, 64
L 754.3749, -129.6249, 0.6260,  769.3749, -129.6258, 0.6260,  64, 64, 64
L 746.3897, -129.6250, -4.3740,  746.3897, -115.2813, -4.3740,  64, 64, 64
L 738.4063, -115.2813, -8.3740,  738.4062, -129.6250, -8.3740,  64, 64, 64
L 740.4062, -129.6250, -7.3740,  740.4062, -115.2802, -7.3740,  64, 64, 64
L 742.3749, -115.2805, -6.3740,  742.3749, -129.6250, -6.3740,  64, 64, 64
L 744.3749, -129.6250, -5.3740,  744.3749, -115.2813, -5.3740,  64, 64, 64
L 748.3750, -129.6250, -3.3740,  748.3749, -115.2813, -3.3740,  64, 64, 64
L 750.3749, -115.2805, -2.3740,  750.3749, -129.6250, -2.3740,  64, 64, 64
L 752.3749, -129.6257, -1.3740,  752.3749, -115.2813, -1.3740,  64, 64, 64
L 754.3897, -115.2813, -0.3740,  754.3749, -129.6250, -0.3740,  64, 64, 64
L 769.3749, -115.2803, 0.6260,  754.3897, -115.2813, 0.6260,  64, 64, 64
L 769.3749, -129.6397, 0.6260,  769.3749, -115.2803, 0.6260,  64, 64, 64
L 754.3897, -115.2813, -0.3740,  736.4210, -115.2813, -9.3740,  64, 64, 64
L 754.3897, -129.6250, -0.3740,  736.4210, -129.6250, -9.3740,  64, 64, 64
L 669.4062, -115.2813, -9.3740,  669.4062, -75.6606, -9.3740,  64, 64, 64
L 736.4210, -115.2813, -9.3740,  669.4062, -115.2813, -9.3740,  64, 64, 64
L 736.4210, -129.6250, -9.3740,  736.4210, -115.2813, -9.3740,  64, 64, 64
L 595.0475, -129.6248, -9.3740,  736.4210, -129.6250, -9.3740,  64, 64, 64
L 595.0477, -115.2813, -9.3740,  595.0475, -129.6248, -9.3740,  64, 64, 64
L 655.0624, -115.2813, -9.3740,  595.0477, -115.2813, -9.3740,  64, 64, 64
L 655.0625, -75.9624, -9.3740,  655.0624, -115.2813, -9.3740,  64, 64, 64
L 811.0762, 284.2160, 0.6260,  789.4556, 230.1704, 0.6260,  64, 64, 64
L 798.8413, 253.6321, 0.6260,  779.1309, 253.6729, 0.6260,  150, 0, 200
L 769.3536, 244.6767, 0.6260,  779.7933, 254.5701, 0.6260,  64, 64, 64
L 734.7878, 254.5615, 9.2463,  769.3536, 244.6767, 0.6260,  64, 64, 64
L 710.0313, 234.7561, 4.8292,  734.7878, 254.5615, 9.2463,  64, 64, 64
L 709.9925, 214.7550, 2.7154,  710.0313, 234.7561, 4.8292,  64, 64, 64
L 700.2341, 195.2688, 4.7808,  709.9925, 214.7550, 2.7154,  64, 64, 64
L 700.3427, 184.6250, 4.2298,  700.2341, 195.2688, 4.7808,  64, 64, 64
L 715.0562, 164.7647, 6.2586,  700.3427, 184.6250, 4.2298,  64, 64, 64
L 719.9142, 125.8930, 4.5280,  715.0562, 164.7647, 6.2586,  64, 64, 64
L 730.0688, 114.8770, 1.3292,  719.9142, 125.8930, 4.5280,  64, 64, 64
L 714.8482, 99.6562, 0.6260,  730.0688, 114.8770, 0.6260,  64, 64, 64
L 689.7778, 99.6562, 0.6260,  714.8482, 99.6562, 0.6260,  64, 64, 64
L 664.9455, 89.7229, 0.6260,  689.7778, 99.6562, 0.6260,  64, 64, 64
L 655.0624, 69.8950, 0.6260,  664.9455, 89.7229, 0.6260,  64, 64, 64
L 655.0625, 14.6188, 0.6260,  655.0624, 69.8950, 0.6260,  64, 64, 64
L 629.7576, 19.6798, 0.6262,  655.0625, 14.6188, 0.6260,  64, 64, 64
L 609.9356, 14.7243, 0.6262,  629.7576, 19.6798, 0.6262,  64, 64, 64
L 595.0625, -5.1041, 0.6262,  609.9356, 14.7243, 0.6262,  64, 64, 64
L 595.0625, -29.8912, 0.6262,  595.0625, -5.1041, 0.6262,  64, 64, 64
L 600.0472, -59.8512, 0.6262,  595.0625, -29.8912, 0.6262,  64, 64, 64
L 609.9172, -74.6562, 1.9466,  600.0472, -59.8512, 0.6262,  64, 64, 64
L 655.0624, -74.6563, 0.6570,  609.9172, -74.6562, 1.9466,  64, 64, 64
L 655.0625, -30.3125, -0.6508,  655.0625, -76.0248, -9.3740,  64, 64, 64
L 669.4062, -30.3125, -0.6508,  655.0625, -30.3125, -0.6508,  64, 64, 64
L 669.4062, -73.2843, -9.0421,  669.4062, -30.3125, -0.6508,  64, 64, 64
L 670.9313, -74.6562, 0.6867,  670.9313, -74.6562, 0.6867,  64, 64, 64
L 671.2588, -74.6562, 2.0381,  670.9313, -74.6562, 0.6867,  64, 64, 64
L 724.4390, -74.6565, 0.6260,  669.4062, -74.6562, 2.0381,  64, 64, 64
L 729.4019, -30.0211, 2.6512,  724.4390, -74.6565, 0.6260,  64, 64, 64
L 727.4765, -22.3269, 0.6260,  729.4019, -30.0211, 2.6512,  64, 64, 64
L 724.4693, -10.2889, 0.6260,  727.4765, -22.3269, 0.6260,  64, 64, 64
L 719.4627, 14.6865, 0.6260,  724.4693, -10.2889, 0.6260,  64, 64, 64
L 669.4061, 14.6875, 0.6260,  719.4627, 14.6865, 0.6260,  64, 64, 64
L 669.4061, 50.0426, 0.6260,  669.4061, 14.6875, 0.6260,  64, 64, 64
L 679.4617, 70.1537, 0.6260,  669.4061, 50.0426, 0.6260,  64, 64, 64
L 689.5892, 80.2813, 0.6260,  679.4617, 70.1537, 0.6260,  64, 64, 64
L 714.6586, 80.2813, 0.6260,  689.5892, 80.2813, 0.6260,  64, 64, 64
L 739.4789, 90.2109, 0.6260,  714.6586, 80.2813, 0.6260,  64, 64, 64
L 749.2841, 114.9806, 0.6260,  739.4789, 90.2109, 0.6260,  64, 64, 64
L 759.3936, 125.0903, 4.8786,  749.2841, 114.9806, 0.6260,  64, 64, 64
L 764.3749, 160.4430, 2.6481,  759.3936, 125.0903, 4.8786,  64, 64, 64
L 764.3749, 194.2760, 7.5567,  764.3749, 160.4430, 2.6481,  64, 64, 64
L 744.3705, 215.0314, 3.5786,  764.3749, 194.2760, 7.5567,  64, 64, 64
L 744.3705, 215.0314, 2.1176,  749.5276, 220.1884, 2.6499,  64, 64, 64
L 749.5276, 220.1884, 2.5464,  789.4556, 230.1704, 0.6260,  64, 64, 64
P 708.0000, -469.0000, 10.0010,  0, 0, 0,  3,  Dablen_(Bar)
P 735.0000, -496.0000, 10.0010,  0, 0, 0,  3,  Draven_(Bar)
P 708.4279, -515.4675, 10.0010,  0, 0, 0,  3,  Brew_Barrel
P 624.0000, -515.0000, 10.0010,  0, 0, 0,  3,  Gront_(Bar)
P 654.0000, -492.0000, 10.0010,  0, 0, 0,  3,  Droz_(Bar)
P 327.2253, -561.8674, 54.8902,  0, 0, 0,  3,  to_Cobalt_Scar
P 690.7771, -548.9969, 39.9697,  0, 0, 0,  3,  to_Upper_Skyshrine
P 474.0000, -370.0000, 39.9697,  0, 0, 0,  3,  Stitch_(Tailor)
P 484.9456, -386.1409, 39.9697,  0, 0, 0,  3,  Loom
P 640.0000, -369.0000, 39.9697,  0, 0, 0,  3,  Chop_(Jewelry)
P 755.0000, -353.0000, 39.9697,  0, 0, 0,  3,  Salginor_(Spells)
P 740.0000, -369.0000, 39.9697,  0, 0, 0,  3,  Zildainez_(Spells)
P 774.0000, -381.0000, 39.9697,  0, 0, 0,  3,  Hytloc_(Spells)
P 751.0000, -290.0000, 39.9697,  0, 0, 0,  3,  Seacly_(Spells)
P 763.1123, -320.6796, 39.9697,  0, 0, 0,  3,  Forge
P 776.0000, -305.0000, 39.9697,  0, 0, 0,  3,  Trekolz_(Spells)
P 606.0000, -304.0000, 39.9697,  0, 0, 0,  3,  Borrin_(Fletcher)
P 488.6103, -320.7453, 39.9697,  0, 0, 0,  3,  Kiln
P 281.0000, -302.0000, 10.0010,  0, 0, 0,  3,  Treval_(Bank)
P 474.0000, -142.0000, 10.0010,  0, 0, 0,  3,  Kollof_(Baking)
P 474.0000, -161.0000, 10.0010,  0, 0, 0,  3,  Norador_(Baking)
P 413.0085, -182.4134, 10.0010,  0, 0, 0,  3,  Oven
P 780.6609, 237.2757, 0.0010,  0, 0, 0,  3,  to_The_Wakening_Land
