L -1089.0302, 1030.9578, -23.0361,  -1091.5431, 1010.1116, -24.9990,  127, 127, 127
L -1082.8434, 1051.5038, -20.9657,  -1088.7915, 1032.9380, -23.0361,  127, 127, 127
L -1103.1383, 1057.4686, -20.4580,  -1082.8434, 1051.5038, -20.9657,  127, 127, 127
L -1122.6132, 1059.9263, -18.8981,  -1103.1383, 1057.4686, -20.4580,  127, 127, 127
L -1142.2456, 1028.2281, -22.8362,  -1122.6132, 1059.9263, -18.8981,  127, 127, 127
L -1146.2383, 1004.2129, -19.3961,  -1142.2456, 1028.2281, -22.8362,  127, 127, 127
L -1141.1133, 992.2262, -23.1413,  -1146.2383, 1004.2129, -19.3961,  127, 127, 127
L -1129.5518, 985.1058, -23.1990,  -1141.1133, 992.2262, -23.1413,  127, 127, 127
L -1111.1407, 989.0220, -22.8359,  -1129.5518, 985.1058, -23.1990,  127, 127, 127
L -1090.2123, 984.1566, -24.9990,  -1111.1407, 989.0220, -22.8359,  127, 127, 127
L -1089.0302, 1030.9578, -23.4054,  -1090.2123, 984.1566, -23.3493,  127, 127, 127
L -985.2999, 965.4425, -22.1228,  -966.8774, 1012.1134, -17.9990,  0, 0, 0
L -1030.8036, 925.7868, -24.3493,  -985.2999, 965.4425, -22.1228,  0, 0, 0
L -1104.6818, 915.9341, -24.9990,  -1030.8036, 925.7868, -24.3493,  0, 0, 0
L -1172.7900, 941.5483, -24.9990,  -1104.6818, 915.9341, -24.9990,  0, 0, 0
L -1214.1244, 1000.5947, -24.9990,  -1172.7900, 941.5483, -24.9990,  0, 0, 0
L -1214.1202, 1080.3884, -24.9990,  -1214.1244, 1000.5947, -24.9990,  0, 0, 0
L -1170.8949, 1139.3313, -24.9990,  -1214.1202, 1080.3884, -24.9990,  0, 0, 0
L -1102.8263, 1167.0464, -24.9990,  -1170.8949, 1139.3313, -24.9990,  0, 0, 0
L -1029.8340, 1152.2510, -24.9990,  -1102.8263, 1167.0464, -24.9990,  0, 0, 0
L -986.5972, 1115.8962, -24.9990,  -1029.8340, 1152.2510, -24.9990,  0, 0, 0
L -966.8773, 1062.3844, -15.9990,  -986.5972, 1115.8962, -17.9990,  0, 0, 0
L -966.8773, 1062.3844, -15.9990,  -966.8798, 1053.8253, -15.9990,  0, 0, 0
L -966.8774, 1020.2510, -15.9990,  -966.8774, 1012.1134, -15.9990,  0, 0, 0
L -662.1224, 2410.1216, -70.9990,  -546.8785, 2410.1238, -70.9990,  127, 127, 127
L -649.8726, 2393.8767, -70.9990,  -559.1255, 2393.8772, -70.9990,  127, 127, 127
L -649.8816, 2311.1199, -70.9990,  -649.8726, 2393.8767, -70.9990,  127, 127, 127
L -662.1240, 2300.8767, -70.9990,  -662.1224, 2410.1216, -70.9990,  127, 127, 127
L -546.8768, 2300.8767, -70.9990,  -662.1240, 2300.8767, -70.9990,  127, 127, 127
L -559.1214, 2311.1221, -70.9990,  -649.8816, 2311.1199, -70.9990,  127, 127, 127
L -546.8785, 2410.1238, -70.9990,  -546.8768, 2300.8767, -70.9990,  127, 127, 127
L -559.1214, 2311.1221, -70.9990,  -559.1255, 2393.8772, -70.9990,  127, 127, 127
L -473.8622, 2313.8779, -55.9990,  -494.8804, 2313.8779, -59.9990,  127, 127, 127
L -494.8767, 2376.1174, -60.0266,  -473.8778, 2376.1216, -55.9990,  127, 127, 127
L -494.8765, 2438.1904, -63.9990,  -494.8767, 2376.1174, -63.9990,  127, 127, 127
L -527.7482, 2469.1243, -63.9990,  -494.8765, 2438.1904, -63.9990,  127, 127, 127
L -649.5831, 2469.1243, -63.9990,  -527.7482, 2469.1243, -63.9990,  127, 127, 127
L -697.1230, 2446.8088, -63.9990,  -649.5831, 2469.1243, -63.9990,  127, 127, 127
L -697.1207, 2241.8774, -63.9990,  -697.1230, 2446.8088, -63.9990,  127, 127, 127
L -647.1211, 2241.8774, -63.9990,  -697.1207, 2241.8774, -63.9990,  127, 127, 127
L -647.1218, 2215.8774, -58.0281,  -647.1211, 2241.8774, -61.9990,  127, 127, 127
L -584.8775, 2241.8782, -61.9990,  -584.8805, 2215.8767, -56.2267,  127, 127, 127
L -494.8763, 2241.8760, -63.9990,  -584.8775, 2241.8782, -63.9990,  127, 127, 127
L -494.8804, 2313.8779, -63.9990,  -494.8763, 2241.8760, -63.9990,  127, 127, 127
L -473.8758, 2446.9922, -47.9990,  -473.8778, 2376.1216, -47.9990,  0, 0, 0
L -526.5741, 2482.1243, -47.9990,  -473.8758, 2446.9922, -47.9990,  0, 0, 0
L -665.4321, 2482.1240, -47.9990,  -526.5741, 2482.1243, -47.9990,  0, 0, 0
L -718.1235, 2446.9954, -47.9990,  -665.4321, 2482.1240, -47.9990,  0, 0, 0
L -718.1244, 2268.5730, -47.9990,  -718.1235, 2446.9954, -47.9990,  0, 0, 0
L -682.9988, 2215.8774, -47.9990,  -718.1244, 2268.5730, -47.9990,  0, 0, 0
L -647.1218, 2215.8774, -47.9990,  -682.9988, 2215.8774, -47.9990,  0, 0, 0
L -647.1240, 2203.8772, -47.9990,  -647.1212, 2215.8774, -49.9990,  0, 0, 0
L -632.7959, 2203.8772, -47.9990,  -647.1240, 2203.8772, -47.9990,  0, 0, 0
L -632.6705, 2178.1135, -37.8833,  -632.7959, 2203.8772, -37.7875,  0, 0, 0
L -656.9810, 2178.1250, -47.9990,  -632.6705, 2178.1135, -47.9990,  0, 0, 0
L -676.1199, 2160.2698, -47.9990,  -656.9810, 2178.1250, -47.9990,  0, 0, 0
L -676.1240, 2066.8752, -47.9990,  -676.1199, 2160.2698, -47.9990,  0, 0, 0
L -557.8798, 2066.8760, -47.9990,  -676.1240, 2066.8752, -47.9990,  0, 0, 0
L -557.8757, 2160.2190, -47.9990,  -557.8798, 2066.8760, -47.9990,  0, 0, 0
L -576.7720, 2179.1194, -47.9990,  -557.8757, 2160.2190, -47.9990,  0, 0, 0
L -599.2901, 2179.1169, -47.9990,  -576.7720, 2179.1194, -47.9990,  0, 0, 0
L -599.2901, 2179.1169, -37.7878,  -599.1809, 2204.8760, -37.6685,  0, 0, 0
L -584.8772, 2204.8760, -47.9990,  -599.1809, 2204.8760, -47.9990,  0, 0, 0
L -584.8760, 2215.8767, -50.0279,  -584.8772, 2204.8760, -47.9990,  0, 0, 0
L -509.0023, 2215.8757, -47.9990,  -584.8805, 2215.8767, -47.9990,  0, 0, 0
L -473.9628, 2268.4365, -47.9990,  -509.0023, 2215.8757, -47.9990,  0, 0, 0
L -473.8622, 2313.8779, -47.9990,  -473.9628, 2268.4365, -47.9990,  0, 0, 0
L -462.8760, 2313.8779, -47.9990,  -462.8773, 2327.9460, -47.9990,  0, 0, 0
L -473.8622, 2313.8779, -50.0361,  -462.8760, 2313.8779, -47.9990,  0, 0, 0
L -461.8772, 2376.1238, -47.9990,  -473.8778, 2376.1245, -49.9990,  0, 0, 0
L -461.8761, 2361.9753, -47.9990,  -461.8772, 2376.1238, -47.9990,  0, 0, 0
L -462.8773, 2327.9460, -37.4543,  -448.1246, 2328.4634, -37.9935,  0, 0, 0
L -448.1246, 2361.7229, -37.6244,  -461.8761, 2361.9753, -37.4476,  0, 0, 0
L -448.1240, 2315.8750, -41.9990,  -448.1246, 2328.4634, -42.0494,  0, 0, 0
L -448.1240, 2374.1204, -41.9990,  -448.1246, 2361.7229, -42.0471,  0, 0, 0
L -349.1265, 2267.8760, -41.9990,  -335.7481, 2267.8760, -42.0503,  0, 0, 0
L -349.1146, 2315.8767, -41.9990,  -349.1265, 2267.8760, -41.9990,  0, 0, 0
L -448.1240, 2315.8750, -41.9990,  -349.1146, 2315.8767, -41.9990,  0, 0, 0
L -290.8780, 2374.1238, -41.9990,  -448.1240, 2374.1204, -41.9990,  0, 0, 0
L -290.8831, 2267.8760, -41.9990,  -290.8780, 2374.1238, -41.9990,  0, 0, 0
L -303.6637, 2267.8757, -42.0501,  -290.8831, 2267.8760, -41.9990,  0, 0, 0
L -335.7481, 2267.8760, -4.9067,  -336.8352, 2180.1184, -4.8266,  0, 0, 0
L -303.1559, 2180.1208, -4.6537,  -303.6637, 2267.8757, -4.7057,  0, 0, 0
L -289.8786, 2180.1235, -14.9990,  -303.1559, 2180.1208, -16.9990,  0, 0, 0
L -348.1219, 2180.1238, -14.9990,  -336.8352, 2180.1184, -16.9990,  0, 0, 0
L -348.1240, 1895.8759, -14.9990,  -348.1219, 2180.1238, -14.9990,  0, 0, 0
L -335.7867, 1895.8806, -15.0501,  -348.1240, 1895.8759, -14.9990,  0, 0, 0
L -289.8760, 1895.8794, -14.9990,  -289.8786, 2180.1235, -14.9990,  0, 0, 0
L -302.2881, 1895.8750, -15.0500,  -289.8760, 1895.8794, -14.9990,  0, 0, 0
L -32.1245, 1736.2216, -58.9990,  -32.1158, 1713.4811, -58.9990,  0, 0, 0
L -32.1029, 1654.1906, -58.9990,  -13.2701, 1636.8756, -58.9990,  0, 0, 0
L -32.1096, 1679.7827, -58.9990,  -32.1029, 1654.1906, -58.9990,  0, 0, 0
L -13.2267, 1755.1207, -58.9990,  -32.1245, 1736.2216, -58.9990,  0, 0, 0
L 80.1197, 1755.1239, -58.9990,  -13.2267, 1755.1207, -58.9990,  0, 0, 0
L 80.1240, 1636.8776, -58.9990,  80.1197, 1755.1239, -58.9990,  0, 0, 0
L -13.2701, 1636.8756, -58.9990,  80.1240, 1636.8776, -58.9990,  0, 0, 0
L -110.8822, 1680.2390, -15.7368,  -32.1096, 1679.7827, -15.5978,  0, 0, 0
L -110.8818, 1713.7897, -15.7044,  -32.1158, 1713.4811, -15.7860,  0, 0, 0
L -110.8822, 1680.2390, -25.9990,  -110.8772, 1652.8755, -31.5830,  0, 0, 0
L -186.8767, 1641.8760, -20.9990,  -201.2346, 1641.8800, -20.9990,  0, 0, 0
L -186.8800, 1652.8772, -22.9990,  -186.8767, 1641.8760, -20.9990,  0, 0, 0
L -110.8751, 1652.8756, -35.8454,  -186.8800, 1652.8772, -36.9990,  0, 0, 0
L -110.8837, 1731.1195, -25.9990,  -110.8818, 1713.7897, -35.8454,  0, 0, 0
L -121.5379, 1731.1177, -27.5490,  -110.8837, 1731.1195, -26.1006,  0, 0, 0
L -135.7393, 1804.1124, -36.9990,  -121.5379, 1731.1177, -36.9990,  0, 0, 0
L -174.1315, 1845.4607, -36.9990,  -135.7393, 1804.1124, -36.9990,  0, 0, 0
L -230.3854, 1872.1090, -36.9990,  -174.1315, 1845.4607, -36.2125,  0, 0, 0
L -287.8797, 1870.0525, -36.9990,  -230.3854, 1872.1090, -36.9990,  0, 0, 0
L -287.8760, 1881.1202, -20.9990,  -287.8797, 1870.0525, -23.2120,  0, 0, 0
L -302.2328, 1881.1224, -20.9990,  -287.8760, 1881.1202, -20.9990,  0, 0, 0
L -302.2328, 1881.1224, -10.7982,  -302.2881, 1895.8750, -10.9073,  0, 0, 0
L -335.8711, 1882.1208, -10.4757,  -335.7867, 1895.8806, -10.6475,  0, 0, 0
L -350.1197, 1882.1239, -20.9990,  -335.8711, 1882.1208, -20.9990,  0, 0, 0
L -350.1230, 1871.8822, -22.9990,  -350.1197, 1882.1239, -20.9990,  0, 0, 0
L -376.6268, 1857.6068, -36.9990,  -350.1230, 1871.8822, -36.9990,  0, 0, 0
L -395.2344, 1824.3107, -36.9990,  -376.6268, 1857.6068, -36.9990,  0, 0, 0
L -408.0029, 1771.2482, -36.9990,  -395.2344, 1824.3107, -36.9990,  0, 0, 0
L -364.6578, 1689.4456, -36.9990,  -408.0029, 1771.2482, -36.9990,  0, 0, 0
L -285.5918, 1652.8779, -36.9990,  -364.6578, 1689.4456, -36.9990,  0, 0, 0
L -249.1243, 1652.8778, -35.6766,  -285.5918, 1652.8779, -36.9990,  0, 0, 0
L -249.1240, 1640.8777, -20.9990,  -249.1243, 1652.8778, -23.6268,  0, 0, 0
L -234.6564, 1640.8778, -20.9990,  -249.1240, 1640.8777, -20.9990,  0, 0, 0
L -234.8466, 1627.1241, -10.6218,  -234.6564, 1640.8778, -10.9595,  0, 0, 0
L -201.1873, 1627.1254, -10.6394,  -201.2346, 1641.8800, -10.7101,  0, 0, 0
L -247.1240, 1627.1201, -14.9990,  -247.1201, 1514.1204, -14.9990,  0, 0, 0
L -234.8466, 1627.1241, -15.0504,  -247.1240, 1627.1201, -14.9990,  0, 0, 0
L -188.8764, 1627.1240, -14.9990,  -201.1873, 1627.1254, -15.0506,  0, 0, 0
L -188.8782, 1455.8766, -14.9990,  -188.8764, 1627.1240, -14.9990,  0, 0, 0
L -350.8774, 1455.8774, -14.9990,  -188.8782, 1455.8766, -14.9990,  0, 0, 0
L -350.8773, 1361.8760, -14.9990,  -363.1019, 1361.8760, -15.0505,  0, 0, 0
L -409.1211, 1514.1221, -14.9990,  -247.1201, 1514.1204, -14.9990,  0, 0, 0
L -409.1216, 1361.8666, -14.9990,  -409.1211, 1514.1221, -14.9990,  0, 0, 0
L -350.8791, 1361.8760, -14.9990,  -350.8774, 1455.8774, -14.9990,  0, 0, 0
L -409.1216, 1361.8666, -15.0506,  -396.6934, 1361.8685, -14.9990,  0, 0, 0
L -363.3929, 1348.1227, -11.0656,  -363.1019, 1361.8760, -10.6167,  0, 0, 0
L -396.8537, 1348.1168, -10.6034,  -396.6934, 1361.8685, -10.9156,  0, 0, 0
L -884.1230, 1228.1239, -14.9990,  -726.1238, 1228.1222, -14.9990,  0, 0, 0
L -884.1208, 1066.1191, -14.9990,  -884.1230, 1228.1239, -14.9990,  0, 0, 0
L -949.1233, 1066.1239, -14.9990,  -884.1208, 1066.1191, -14.9990,  0, 0, 0
L -949.1066, 1053.7775, -14.9990,  -949.1233, 1066.1239, -14.9990,  0, 0, 0
L -966.8798, 1053.8253, -10.6123,  -949.1066, 1053.7775, -10.6611,  0, 0, 0
L -949.1091, 1020.1005, -10.5456,  -966.8774, 1020.2510, -10.7046,  0, 0, 0
L -949.1240, 1007.8790, -14.9990,  -949.1091, 1020.1005, -14.9990,  0, 0, 0
L -825.8760, 1007.8773, -14.9990,  -949.1240, 1007.8790, -14.9990,  0, 0, 0
L -825.8763, 1169.8779, -14.9990,  -825.8760, 1007.8773, -14.9990,  0, 0, 0
L -726.1205, 1169.8776, -14.9990,  -825.8763, 1169.8779, -14.9990,  0, 0, 0
L -506.8760, 1228.1211, -14.9990,  -506.8748, 1215.8507, -15.0498,  0, 0, 0
L -726.1240, 1152.8768, -14.9990,  -726.1205, 1169.8776, -14.9990,  0, 0, 0
L -667.8825, 1152.8783, -20.9990,  -726.1240, 1152.8768, -14.9990,  0, 0, 0
L -667.8735, 1169.8765, -14.9990,  -667.8825, 1152.8783, -11.5477,  0, 0, 0
L -506.8306, 1169.8771, -14.9990,  -667.8735, 1169.8765, -14.9990,  0, 0, 0
L -726.1198, 1245.1179, -14.9990,  -726.1238, 1228.1222, -14.9990,  0, 0, 0
L -667.8760, 1245.1243, -14.9990,  -726.1198, 1245.1179, -20.9990,  0, 0, 0
L -667.8785, 1228.1188, -14.9990,  -667.8760, 1245.1243, -14.9990,  0, 0, 0
L -506.8805, 1228.1239, -14.9990,  -667.8785, 1228.1188, -14.9990,  0, 0, 0
L -506.8306, 1169.8771, -15.0501,  -506.8412, 1182.2770, -14.9990,  0, 0, 0
L -506.8412, 1182.2770, -10.7873,  -492.1198, 1182.1443, -10.6484,  0, 0, 0
L -493.1262, 1215.7291, -10.7599,  -506.8748, 1215.8507, -10.6276,  0, 0, 0
L -409.1207, 976.2350, -14.3865,  -350.8787, 976.2427, -14.9990,  0, 0, 0
L -350.8810, 1044.1239, -14.9990,  -362.2355, 1044.1187, -14.9990,  0, 0, 0
L -350.8787, 976.2427, -14.9990,  -350.8810, 1044.1239, -14.9990,  0, 0, 0
L -409.1240, 1044.1200, -14.9990,  -409.1207, 976.2350, -14.9990,  0, 0, 0
L -395.8088, 1044.1272, -15.7091,  -409.1240, 1044.1200, -14.9990,  0, 0, 0
L -395.8148, 1057.8772, -10.6074,  -395.8088, 1044.1272, -10.6156,  0, 0, 0
L -362.1665, 1058.8817, -10.6187,  -362.2355, 1044.1187, -10.7051,  0, 0, 0
L -319.1204, 1233.8767, -43.9990,  -409.8763, 1233.8773, -43.9990,  127, 127, 127
L -319.1234, 1151.1233, -43.9990,  -319.1204, 1233.8767, -43.9990,  127, 127, 127
L -409.8775, 1151.1215, -43.9990,  -319.1234, 1151.1233, -43.9990,  127, 127, 127
L -409.8763, 1233.8773, -43.9990,  -409.8775, 1151.1215, -43.9990,  127, 127, 127
L -306.8869, 1139.8760, -43.9990,  -306.8755, 1249.1223, -43.9990,  127, 127, 127
L -422.1223, 1139.8760, -43.9990,  -306.8869, 1139.8760, -43.9990,  127, 127, 127
L -422.1247, 1249.1195, -43.9990,  -422.1223, 1139.8760, -43.9990,  127, 127, 127
L -306.8755, 1249.1223, -43.9990,  -422.1247, 1249.1195, -43.9990,  127, 127, 127
L -236.8740, 1230.1189, -29.0440,  -257.8814, 1230.1234, -34.9990,  127, 127, 127
L -257.8777, 1167.8778, -34.3944,  -236.8791, 1167.8779, -28.6144,  127, 127, 127
L -257.8760, 1114.8782, -36.9990,  -257.8777, 1167.8778, -36.9990,  127, 127, 127
L -347.8763, 1114.8766, -36.9990,  -257.8760, 1114.8782, -36.9990,  127, 127, 127
L -347.8757, 1069.8799, -34.9990,  -347.8763, 1114.8766, -34.9990,  127, 127, 127
L -410.1218, 1114.8783, -34.9990,  -410.1221, 1069.8807, -34.9990,  127, 127, 127
L -460.1224, 1114.8760, -36.9990,  -410.1218, 1114.8783, -36.9990,  127, 127, 127
L -460.1166, 1167.8751, -36.9990,  -460.1224, 1114.8760, -36.9990,  127, 127, 127
L -481.1223, 1167.8787, -28.3093,  -460.1166, 1167.8751, -34.9990,  127, 127, 127
L -460.1220, 1230.1194, -34.9990,  -481.1218, 1230.1191, -26.9990,  127, 127, 127
L -460.1240, 1268.1218, -36.9990,  -460.1220, 1230.1194, -36.9990,  127, 127, 127
L -410.1049, 1268.1229, -36.9990,  -460.1240, 1268.1218, -36.9990,  127, 127, 127
L -410.8235, 1336.1239, -34.9990,  -410.1049, 1268.1229, -36.9990,  127, 127, 127
L -348.8773, 1291.1239, -34.9990,  -348.8827, 1336.1201, -34.9990,  127, 127, 127
L -257.8778, 1291.1239, -36.9990,  -348.8773, 1291.1239, -36.9990,  127, 127, 127
L -257.8814, 1230.1234, -36.9990,  -257.8778, 1291.1239, -36.9990,  127, 127, 127
L -236.8828, 1300.9891, -20.9990,  -236.8740, 1230.1189, -20.9990,  0, 0, 0
L -289.5717, 1336.1228, -20.9990,  -236.8828, 1300.9891, -20.9990,  0, 0, 0
L -348.8827, 1336.1201, -20.9990,  -289.5717, 1336.1228, -20.9990,  0, 0, 0
L -348.8760, 1348.1199, -20.9990,  -348.8761, 1336.1202, -22.9990,  0, 0, 0
L -363.3929, 1348.1227, -20.9990,  -348.8760, 1348.1199, -20.9990,  0, 0, 0
L -411.1200, 1348.1239, -20.9990,  -396.8537, 1348.1168, -20.9990,  0, 0, 0
L -411.1223, 1336.1239, -22.0060,  -411.1200, 1348.1239, -20.9990,  0, 0, 0
L -428.4305, 1336.1235, -20.9990,  -410.8235, 1336.1239, -20.9990,  0, 0, 0
L -481.1218, 1300.9930, -17.8740,  -428.4305, 1336.1235, -20.9990,  0, 0, 0
L -481.1218, 1230.1191, -20.9990,  -481.1218, 1300.9930, -20.9990,  0, 0, 0
L -493.1201, 1230.1239, -20.9990,  -481.1218, 1230.1227, -23.9344,  0, 0, 0
L -493.1262, 1215.7291, -20.9990,  -493.1201, 1230.1239, -20.9990,  0, 0, 0
L -492.1240, 1167.8781, -20.9990,  -492.1198, 1182.1443, -20.9990,  0, 0, 0
L -481.1223, 1167.8749, -23.3528,  -492.1240, 1167.8781, -20.9990,  0, 0, 0
L -481.1178, 1122.5604, -20.9990,  -481.1223, 1167.8787, -20.9990,  0, 0, 0
L -445.9966, 1069.8768, -20.9990,  -481.1178, 1122.5604, -20.9990,  0, 0, 0
L -410.1221, 1069.8807, -20.9990,  -445.9966, 1069.8768, -20.9990,  0, 0, 0
L -410.1240, 1057.8761, -20.9990,  -410.1230, 1069.8807, -23.1493,  0, 0, 0
L -395.8148, 1057.8772, -20.9990,  -410.1240, 1057.8761, -20.9990,  0, 0, 0
L -347.8776, 1058.8760, -20.9990,  -362.1665, 1058.8817, -20.9990,  0, 0, 0
L -347.8781, 1069.8799, -23.1378,  -347.8776, 1058.8760, -20.9990,  0, 0, 0
L -272.0018, 1069.8768, -20.9990,  -347.8757, 1069.8799, -20.9990,  0, 0, 0
L -236.8776, 1122.5613, -20.9990,  -272.0018, 1069.8768, -20.9990,  0, 0, 0
L -236.8791, 1167.8779, -20.9990,  -236.8776, 1122.5613, -20.9990,  0, 0, 0
L -224.8781, 1167.8760, -20.9990,  -236.8791, 1167.8765, -22.9990,  0, 0, 0
L -224.8759, 1182.3423, -20.9990,  -224.8781, 1167.8760, -20.9990,  0, 0, 0
L -224.8807, 1230.1239, -20.9990,  -236.8740, 1230.1149, -22.9990,  0, 0, 0
L -224.8758, 1215.7531, -20.9990,  -224.8807, 1230.1239, -20.9990,  0, 0, 0
L -211.1252, 1215.8519, -10.5740,  -224.8758, 1215.7531, -10.6674,  0, 0, 0
L -211.1240, 1228.1198, -14.9990,  -211.1252, 1215.8519, -15.0498,  0, 0, 0
L -211.1304, 1182.1617, -10.6393,  -224.8759, 1182.3423, -10.9043,  0, 0, 0
L -211.1321, 1169.8774, -14.9990,  -98.1249, 1169.8826, -14.9990,  0, 0, 0
L -211.1304, 1182.1617, -14.9990,  -211.1321, 1169.8774, -15.0501,  0, 0, 0
L -39.8777, 1228.1239, -14.9990,  -211.1240, 1228.1219, -14.9990,  0, 0, 0
L -39.8785, 1066.1226, -14.9990,  -39.8777, 1228.1239, -14.9990,  0, 0, 0
L 166.1210, 846.8760, -14.9990,  153.8093, 846.8746, -15.0505,  0, 0, 0
L 107.8761, 1007.8768, -14.9990,  107.8800, 846.8398, -14.9990,  0, 0, 0
L -98.1227, 1007.8760, -14.9990,  107.8761, 1007.8768, -14.9990,  0, 0, 0
L -98.1249, 1169.8826, -14.9990,  -98.1227, 1007.8760, -14.9990,  0, 0, 0
L 166.1203, 1066.1239, -14.9990,  -39.8785, 1066.1226, -14.9990,  0, 0, 0
L 166.1240, 846.8791, -14.9990,  166.1203, 1066.1239, -14.9990,  0, 0, 0
L 107.8800, 846.8398, -15.0504,  120.2217, 846.8481, -14.9990,  0, 0, 0
L 120.2217, 846.8481, -10.7244,  120.2788, 833.1198, -10.8004,  0, 0, 0
L 153.7951, 833.1176, -10.6485,  153.8093, 846.8746, -10.6232,  0, 0, 0
L 105.8770, 833.1240, -20.9990,  120.2788, 833.1198, -20.9990,  0, 0, 0
L 105.8765, 821.1208, -22.9990,  105.8770, 833.1240, -20.9990,  0, 0, 0
L 168.1210, 833.1240, -20.9990,  153.7951, 833.1176, -20.9990,  0, 0, 0
L 168.1223, 821.1212, -22.9990,  168.1210, 833.1240, -20.9990,  0, 0, 0
L 209.1240, 757.1224, -43.9990,  209.1233, 647.8804, -43.9990,  127, 127, 127
L 93.8766, 757.1213, -43.9990,  209.1240, 757.1224, -43.9990,  127, 127, 127
L 93.8760, 647.8793, -43.9990,  93.8766, 757.1213, -43.9990,  127, 127, 127
L 209.1233, 647.8804, -43.9990,  93.8760, 647.8793, -43.9990,  127, 127, 127
L 168.1187, 622.8762, -34.9990,  168.1277, 577.8779, -34.9990,  127, 127, 127
L 234.1237, 622.8760, -36.9990,  168.1187, 622.8762, -36.9990,  127, 127, 127
L 234.1240, 776.1238, -36.9990,  234.1237, 622.8760, -36.9990,  127, 127, 127
L 168.1232, 776.1251, -36.9990,  234.1240, 776.1238, -36.9990,  127, 127, 127
L 168.1207, 821.1211, -34.9990,  168.1232, 776.1251, -34.9990,  127, 127, 127
L 105.8799, 776.1209, -34.9990,  105.8740, 821.1209, -34.9990,  127, 127, 127
L 66.8771, 776.1240, -36.9990,  105.8799, 776.1209, -36.9990,  127, 127, 127
L 66.8760, 622.8765, -36.9990,  66.8771, 776.1240, -36.9990,  127, 127, 127
L 105.8806, 622.8788, -36.9990,  66.8760, 622.8765, -36.9990,  127, 127, 127
L 105.8695, 577.8758, -34.9990,  105.8806, 622.8788, -34.9990,  127, 127, 127
L 25.8758, 577.8760, -20.9990,  105.8695, 577.8758, -20.9990,  0, 0, 0
L 25.8760, 821.1231, -20.9990,  25.8758, 577.8760, -20.9990,  0, 0, 0
L 105.8765, 821.1208, -20.9990,  25.8760, 821.1231, -20.9990,  0, 0, 0
L 277.1232, 821.1240, -20.9990,  168.1207, 821.1211, -20.9990,  0, 0, 0
L 277.1240, 577.8786, -20.9990,  277.1232, 821.1240, -20.9990,  0, 0, 0
L 168.1277, 577.8779, -20.9990,  277.1240, 577.8786, -20.9990,  0, 0, 0
L 168.1240, 566.8799, -20.9990,  168.1218, 577.8779, -23.0567,  0, 0, 0
L 153.7848, 566.8785, -20.9990,  168.1240, 566.8799, -20.9990,  0, 0, 0
L 105.8760, 565.8785, -20.9990,  105.8783, 577.8758, -23.0541,  0, 0, 0
L 120.2223, 565.8762, -20.9990,  105.8760, 565.8785, -20.9990,  0, 0, 0
L 166.1184, 552.1240, -14.9990,  153.8790, 552.1254, -15.0509,  0, 0, 0
L 153.7848, 566.8785, -10.6019,  153.8790, 552.1254, -10.4829,  0, 0, 0
L 120.1872, 552.1257, -10.6158,  120.2223, 565.8762, -10.6838,  0, 0, 0
L 107.8775, 552.1262, -14.9990,  107.8829, 362.1193, -14.9990,  0, 0, 0
L 120.1872, 552.1257, -14.9990,  107.8775, 552.1262, -15.0508,  0, 0, 0
L 166.1240, 303.8773, -14.9990,  166.1238, 552.1240, -14.9990,  0, 0, 0
L 4.1193, 303.8788, -14.9990,  166.1240, 303.8773, -14.9990,  0, 0, 0
L -54.1205, 190.8760, -14.9990,  -41.7171, 190.8746, -15.0506,  0, 0, 0
L 4.1193, 303.8788, -14.9990,  4.1245, 190.8875, -14.9990,  0, 0, 0
L -54.1230, 362.1240, -14.9990,  107.8829, 362.1193, -14.9990,  0, 0, 0
L -54.1240, 190.8766, -14.9990,  -54.1230, 362.1240, -14.9990,  0, 0, 0
L 4.1245, 190.8875, -15.0509,  -8.3627, 190.8852, -14.9990,  0, 0, 0
L -41.7179, 177.1189, -10.9152,  -41.7171, 190.8746, -10.9172,  0, 0, 0
L -8.1541, 177.1238, -10.6225,  -8.3627, 190.8852, -11.1612,  0, 0, 0
L 92.1197, -119.0167, -34.9990,  127.8457, -119.0167, -34.9990,  127, 127, 127
L 127.8457, -83.1254, -35.0054,  127.8457, -119.0167, -35.0054,  127, 127, 127
L -56.1214, 177.1240, -20.9990,  -41.7179, 177.1189, -20.9990,  0, 0, 0
L -56.1233, 167.1243, -22.9990,  -56.1214, 177.1240, -20.9990,  0, 0, 0
L 6.1178, 177.1240, -20.9990,  -8.1541, 177.1238, -20.9990,  0, 0, 0
L 6.1278, 167.1226, -21.1847,  6.1178, 177.1240, -20.9990,  0, 0, 0
L 6.1248, 122.1188, -36.1130,  155.1240, 122.1218, -36.9990,  127, 127, 127
L 6.1196, 167.1226, -34.9990,  6.1248, 122.1188, -34.9990,  127, 127, 127
L -56.1193, 122.1239, -34.9990,  -56.1293, 167.1243, -34.9990,  127, 127, 127
L -161.1245, 122.1240, -36.9990,  -56.1193, 122.1239, -36.9990,  127, 127, 127
L -161.1240, -146.1245, -36.9990,  -161.1245, 122.1240, -36.9990,  127, 127, 127
L 155.1237, -146.1238, -36.9990,  -161.1240, -146.1245, -36.9990,  127, 127, 127
L 92.1197, -119.0167, -36.9990,  92.1234, -146.1240, -36.9990,  127, 127, 127
L 155.1237, -83.1240, -36.9990,  127.8457, -83.1254, -36.9990,  127, 127, 127
L 155.1240, 122.1218, -36.9990,  155.1237, -146.1238, -36.9990,  127, 127, 127
L -55.1220, -100.8837, -36.9990,  -100.8759, -100.8721, -36.9990,  127, 127, 127
L 7.1283, -71.2656, -21.4905,  -55.1214, -71.2656, -21.4905,  127, 127, 127
L -100.8777, 61.8790, -35.8215,  -100.8759, -100.8721, -36.9990,  127, 127, 127
L 95.8769, 61.8784, -36.9990,  -100.8777, 61.8790, -36.9990,  127, 127, 127
L 95.8806, -100.8776, -36.9990,  95.8769, 61.8784, -36.9990,  127, 127, 127
L 7.1179, -100.8813, -34.8217,  95.8806, -100.8776, -36.9990,  127, 127, 127
L 7.1283, -71.2656, -27.1305,  7.1179, -100.8801, -32.9990,  127, 127, 127
L -55.1220, -100.8837, -32.9990,  -55.1214, -71.2656, -27.2715,  127, 127, 127
L -55.1220, -100.8785, -36.9990,  7.1179, -100.8801, -36.9990,  127, 127, 127
L -202.1240, 167.1232, -20.9990,  -202.1227, -187.1259, -20.9990,  0, 0, 0
L -56.1293, 167.1243, -20.9990,  -202.1240, 167.1232, -20.9990,  0, 0, 0
L 198.1220, 167.1240, -20.9990,  6.1196, 167.1226, -20.9990,  0, 0, 0
L 198.1240, -187.1228, -20.9990,  198.1220, 167.1240, -20.9990,  0, 0, 0
L -202.1227, -187.1259, -20.9990,  198.1240, -187.1228, -20.9990,  0, 0, 0
L -1132.1165, 2569.3362, 48.0010,  -1132.1243, 2586.2205, 46.0010,  0, 0, 0
L -1132.1243, 2586.2205, 46.0010,  -1113.2198, 2605.1243, 46.0010,  0, 0, 0
L -1113.2198, 2605.1243, 46.0010,  -983.8760, 2605.1233, 46.0010,  0, 0, 0
L -983.8760, 2605.1233, 46.0010,  -983.8787, 2486.8760, 46.0010,  0, 0, 0
L -983.8787, 2486.8760, 46.0010,  -1114.0742, 2487.6162, 46.0010,  0, 0, 0
L -1114.0742, 2487.6162, 46.0010,  -1131.1241, 2503.2952, 46.0010,  0, 0, 0
L -1131.1241, 2503.2952, 46.0010,  -1131.1248, 2524.6628, 47.0425,  0, 0, 0
L -1222.1395, 2585.8779, 1.0010,  -1228.8184, 2664.2019, 1.0010,  0, 0, 0
L -1228.8184, 2664.2019, 1.0010,  -1267.1284, 2705.4592, 1.0010,  0, 0, 0
L -1267.1284, 2705.4592, 1.0010,  -1323.4014, 2732.1108, 1.0010,  0, 0, 0
L -1323.4014, 2732.1108, 1.0010,  -1388.8771, 2730.0605, 1.0010,  0, 0, 0
L -1388.8771, 2730.0605, 10.2763,  -1388.8884, 2819.8755, 11.5536,  0, 0, 0
L -1388.8884, 2819.8755, 45.0010,  -1366.2942, 2819.8755, 45.0010,  0, 0, 0
L -1366.2942, 2819.8755, 45.0010,  -1349.8756, 2837.7371, 45.0010,  0, 0, 0
L -1349.8756, 2837.7371, 45.0010,  -1349.8785, 2967.1238, 45.0010,  0, 0, 0
L -1349.8785, 2967.1238, 45.0010,  -1468.1239, 2967.1221, 45.0010,  0, 0, 0
L -1468.1239, 2967.1221, 45.0010,  -1468.1243, 2837.7769, 45.0010,  0, 0, 0
L -1468.1243, 2837.7769, 45.0010,  -1449.2167, 2818.8755, 45.0010,  0, 0, 0
L -1449.2167, 2818.8755, 45.0010,  -1431.1152, 2818.8755, 46.9993,  0, 0, 0
L -1431.1206, 2729.8445, 9.0010,  -1431.1152, 2818.8755, 11.5439,  0, 0, 0
L -1431.1206, 2729.8445, 1.0010,  -1464.6099, 2712.6069, 1.0010,  0, 0, 0
L -1464.6099, 2712.6069, 1.0010,  -1493.2184, 2658.3584, 1.0010,  0, 0, 0
L -1493.2184, 2658.3584, 1.0010,  -1511.0432, 2574.1870, 1.0010,  0, 0, 0
L -1511.0432, 2574.1870, 1.0010,  -1473.5178, 2485.3179, 1.0010,  0, 0, 0
L -1473.5178, 2485.3179, 1.0010,  -1419.5055, 2454.8755, 1.0010,  0, 0, 0
L -1419.5055, 2454.8755, 1.0010,  -1368.4685, 2454.8757, 1.0010,  0, 0, 0
L -1386.8805, 2454.8760, 1.0010,  -1386.8755, 2470.3574, 1.0010,  127, 127, 127
L -1317.1156, 2470.3574, 1.0010,  -1317.1219, 2454.8760, 1.0010,  127, 127, 127
L -1334.9313, 2454.8760, 1.0010,  -1275.6097, 2454.8760, 1.0010,  0, 0, 0
L -1275.6097, 2454.8760, 1.0010,  -1210.8757, 2501.9561, 1.0010,  0, 0, 0
L -1210.8757, 2501.9561, 1.0010,  -1210.8798, 2524.6626, 1.0010,  0, 0, 0
L -1210.8772, 2510.1238, 1.0010,  -1236.8229, 2510.1199, 1.0010,  127, 127, 127
L -1222.1395, 2585.8779, 1.0010,  -1211.8715, 2585.8779, 1.0010,  0, 0, 0
L -1211.8715, 2585.8779, 14.9738,  -1210.8401, 2569.3420, 18.7230,  0, 0, 0
L -1131.1248, 2524.6628, 48.0010,  -1210.8798, 2524.6626, 13.0010,  0, 0, 0
L -1132.1165, 2569.3362, 48.0010,  -1210.8401, 2569.3420, 13.0010,  0, 0, 0
L -1222.1384, 2585.8760, 1.0010,  -1236.8228, 2585.8760, 1.0010,  127, 127, 127
L -1236.8228, 2585.8760, 2.5650,  -1236.8229, 2510.1199, 2.5650,  127, 127, 127
L -1317.1156, 2470.3574, 4.9666,  -1386.8755, 2470.3574, 4.9666,  127, 127, 127
L -1078.8774, 930.8578, 19.2597,  -1078.8772, 914.3361, 19.2597,  0, 0, 0
L -1078.8772, 914.3361, 19.0010,  -1098.6049, 865.0894, 19.0010,  0, 0, 0
L -1098.6049, 865.0894, 19.0010,  -1143.1971, 826.3134, 19.0010,  0, 0, 0
L -1143.1971, 826.3134, 19.0010,  -1217.7844, 815.9230, 19.0010,  0, 0, 0
L -1217.7844, 815.9230, 19.0010,  -1285.7930, 841.5495, 19.0010,  0, 0, 0
L -1285.7930, 841.5495, 19.0010,  -1327.1244, 900.5950, 19.0010,  0, 0, 0
L -1327.1244, 900.5950, 19.0010,  -1327.1249, 925.2115, 19.9118,  0, 0, 0
L -1327.1222, 958.8777, 19.7838,  -1327.1233, 989.3876, 22.0010,  0, 0, 0
L -1327.1233, 989.3876, 22.0010,  -1283.7997, 1048.4624, 22.0010,  0, 0, 0
L -1283.7997, 1048.4624, 22.0010,  -1215.8198, 1076.0490, 19.2597,  0, 0, 0
L -1215.8198, 1076.0490, 19.2597,  -1200.2251, 1072.8892, 19.2597,  0, 0, 0
L -1200.2251, 1072.8892, 19.2597,  -1196.8467, 1040.3887, 19.2597,  127, 127, 127
L -1196.8467, 1040.3887, 19.2597,  -1198.6191, 1024.2444, 19.2597,  127, 127, 127
L -1198.6191, 1024.2444, 19.2597,  -1180.2264, 1011.7365, 19.1658,  127, 127, 127
L -1180.2264, 1011.7365, 19.1658,  -1180.3282, 1000.4161, 19.2597,  127, 127, 127
L -1180.3282, 1000.4161, 19.2597,  -1185.0961, 991.2135, 19.2597,  127, 127, 127
L -1185.0961, 991.2135, 19.2597,  -1176.0586, 978.0541, 19.2597,  127, 127, 127
L -1176.0586, 978.0541, 19.2597,  -1167.9646, 972.3970, 19.2597,  127, 127, 127
L -1167.9646, 972.3970, 19.2597,  -1163.0204, 960.0283, 19.2597,  127, 127, 127
L -1163.0204, 960.0283, 19.2597,  -1155.1364, 958.7692, 20.2231,  127, 127, 127
L -1155.1364, 958.7692, 20.2231,  -1143.5322, 991.3196, 8.0241,  127, 127, 127
L -1143.5322, 991.3196, 8.0241,  -1138.7540, 1003.9785, 2.7772,  127, 127, 127
L -1138.7540, 1003.9785, 2.7772,  -1133.1940, 1029.6606, -8.9122,  127, 127, 127
L -1133.1940, 1029.6606, -8.9122,  -1113.3998, 1021.3106, -5.4929,  127, 127, 127
L -1113.3998, 1021.3106, -5.4929,  -1109.9559, 1009.9079, 1.2603,  127, 127, 127
L -1109.9559, 1009.9079, 1.2603,  -1114.4160, 1003.2958, 20.8416,  127, 127, 127
L -1114.4160, 1003.2958, 20.8416,  -1121.2574, 972.2789, 12.6544,  127, 127, 127
L -1121.2574, 972.2789, 12.6544,  -1128.8518, 945.6079, 21.9966,  127, 127, 127
L -1078.8774, 930.8578, 19.2597,  -1089.0452, 931.4436, 19.2597,  127, 127, 127
L -1089.0452, 931.4436, 19.2597,  -1095.4359, 934.2684, 19.2232,  127, 127, 127
L -1095.4359, 934.2684, 19.2232,  -1099.2742, 938.8394, 19.2597,  127, 127, 127
L -1099.2742, 938.8394, 19.2597,  -1106.0244, 940.7683, 19.2597,  127, 127, 127
L -1106.0244, 940.7683, 19.2597,  -1116.4305, 937.7589, 19.2597,  127, 127, 127
L -1116.4305, 937.7589, 19.2597,  -1128.8518, 945.6079, 19.2597,  127, 127, 127
L -1327.1222, 958.8777, 30.5060,  -1333.8759, 958.8642, 30.4658,  0, 0, 0
L -1333.8746, 925.2250, 30.1412,  -1327.1249, 925.2115, 30.1838,  0, 0, 0
L -1333.8746, 925.2250, 24.0010,  -1333.8781, 913.8760, 24.0010,  0, 0, 0
L -1333.8781, 913.8760, 24.0010,  -1442.1239, 913.8766, 24.0010,  0, 0, 0
L -1442.1239, 913.8766, 24.0010,  -1442.1234, 1085.1239, 24.0010,  0, 0, 0
L -1442.1234, 1085.1239, 24.0010,  -1429.8888, 1085.1239, 23.9491,  0, 0, 0
L -1396.2859, 1085.1250, 23.9503,  -1383.8760, 1085.1205, 24.0010,  0, 0, 0
L -1383.8760, 1085.1205, 24.0010,  -1383.8768, 972.1210, 24.0010,  0, 0, 0
L -1383.8768, 972.1210, 24.0010,  -1333.8760, 972.1205, 24.0010,  0, 0, 0
L -1333.8760, 972.1221, 24.0010,  -1333.8759, 958.8642, 23.9973,  0, 0, 0
L -1429.6653, 1098.8776, 28.0225,  -1429.8888, 1085.1239, 28.3726,  0, 0, 0
L -1396.2859, 1085.1250, 28.0999,  -1396.2267, 1099.8754, 28.1944,  0, 0, 0
L -1429.6653, 1098.8776, 18.0010,  -1444.1239, 1098.8761, 18.0010,  0, 0, 0
L -1396.2267, 1099.8754, 18.0010,  -1381.8760, 1099.8770, 18.0010,  0, 0, 0
L -1381.8760, 1099.8770, 18.0010,  -1381.8760, 1110.8763, 16.0010,  0, 0, 0
L -1381.8828, 1110.8761, 18.0010,  -1292.8760, 1110.8801, 18.0010,  0, 0, 0
L -1292.8760, 1110.8801, 18.0010,  -1292.8784, 1361.1239, 18.0010,  0, 0, 0
L -1292.8784, 1361.1239, 18.0010,  -1381.8773, 1361.1179, 18.0010,  0, 0, 0
L -1381.8770, 1361.1180, 16.0000,  -1381.8770, 1373.1239, 18.0010,  0, 0, 0
L -1381.8770, 1373.1239, 18.0010,  -1393.1359, 1373.1252, 18.0010,  0, 0, 0
L -1432.8052, 1373.1171, 18.0010,  -1444.1179, 1373.1235, 18.0010,  0, 0, 0
L -1340.8759, 1180.8748, -1.9990,  -1456.1210, 1180.8801, -1.9990,  127, 127, 127
L -1456.1210, 1180.8801, -1.9990,  -1456.1250, 1297.1251, -1.9990,  127, 127, 127
L -1456.1250, 1297.1251, -1.9990,  -1340.8776, 1297.1205, -1.9990,  127, 127, 127
L -1340.8776, 1297.1205, -1.9990,  -1340.8759, 1180.8748, -1.9990,  127, 127, 127
L -1381.8823, 1155.8755, 2.0010,  -1315.8760, 1155.8796, 2.0010,  127, 127, 127
L -1315.8760, 1155.8796, 2.0010,  -1315.8766, 1316.1239, 2.0010,  127, 127, 127
L -1315.8766, 1316.1239, 2.0010,  -1381.8771, 1316.1211, 2.0010,  127, 127, 127
L -1381.8771, 1316.1211, 4.0010,  -1381.8773, 1361.1179, 4.0010,  127, 127, 127
L -1444.1202, 1361.1257, 4.0010,  -1444.1176, 1316.1184, 4.0010,  127, 127, 127
L -1444.1176, 1316.1184, 2.0010,  -1466.1240, 1316.1196, 2.0010,  127, 127, 127
L -1466.1240, 1316.1196, 2.0010,  -1466.1213, 1155.8760, 2.0010,  127, 127, 127
L -1466.1213, 1155.8760, 2.0010,  -1444.1138, 1155.8783, 2.0010,  127, 127, 127
L -1444.1138, 1155.8783, 4.0010,  -1444.1383, 1110.8792, 4.0010,  127, 127, 127
L -1393.1359, 1373.1252, 28.4989,  -1393.3502, 1415.8782, 28.1367,  0, 0, 0
L -1432.8732, 1415.8760, 28.5339,  -1432.8052, 1373.1171, 28.4293,  0, 0, 0
L -1394.0234, 1373.1176, 18.0010,  -1381.8760, 1373.1232, 18.0010,  0, 0, 0
L -1381.8760, 1373.1232, 18.0010,  -1381.8756, 1363.3239, 14.0010,  0, 0, 0
L -1370.5959, 1361.1180, 18.0010,  -1292.8760, 1361.1222, 18.0010,  0, 0, 0
L -1292.8760, 1361.1222, 18.0010,  -1292.8778, 1110.8760, 18.0010,  0, 0, 0
L -1292.8778, 1110.8760, 18.0010,  -1374.0219, 1110.8767, 18.0010,  0, 0, 0
L -1381.8777, 1103.6934, 16.9311,  -1381.8799, 1099.8760, 18.0010,  0, 0, 0
L -1381.8799, 1099.8760, 18.0010,  -1391.2677, 1099.8770, 18.0010,  0, 0, 0
L -1396.1901, 1096.7875, 28.3845,  -1396.2639, 1087.6206, 28.1440,  0, 0, 0
L -1429.6969, 1085.7369, 28.0163,  -1429.7198, 1095.4501, 28.0903,  0, 0, 0
L -1434.7375, 1098.8768, 18.0010,  -1444.1239, 1098.8761, 18.0010,  0, 0, 0
L -1444.1239, 1098.8761, 18.0010,  -1444.1248, 1110.8772, 16.0010,  0, 0, 0
L -1444.1248, 1110.8772, 18.0010,  -1507.1239, 1110.8793, 18.0010,  0, 0, 0
L -1507.1239, 1110.8793, 18.0010,  -1507.1226, 1361.1239, 18.0010,  0, 0, 0
L -1507.1226, 1361.1239, 18.0010,  -1444.1196, 1361.1227, 18.0010,  0, 0, 0
L -1444.1239, 1373.1227, 18.0010,  -1444.1196, 1361.1227, 15.7643,  0, 0, 0
L -1381.8823, 1155.8755, 4.0010,  -1381.8828, 1110.8761, 6.7322,  127, 127, 127
L -1442.1237, 1415.8760, 22.9491,  -1432.8732, 1415.8760, 23.0010,  0, 0, 0
L -1383.8760, 1415.8760, 23.0010,  -1383.8765, 1528.8773, 23.0010,  0, 0, 0
L -1442.1237, 1415.8760, 23.0010,  -1442.1198, 1587.1239, 23.0010,  0, 0, 0
L -1442.1198, 1587.1239, 23.0010,  -1280.1145, 1587.1183, 23.0010,  0, 0, 0
L -1383.8767, 1415.8760, 23.0010,  -1393.3502, 1415.8782, 22.9518,  0, 0, 0
L -1383.8765, 1528.8773, 23.0010,  -1221.8760, 1528.8777, 23.0010,  0, 0, 0
L -1221.8760, 1528.8777, 23.0010,  -1221.8800, 1681.1239, 23.0010,  0, 0, 0
L -1221.8800, 1681.1239, 23.0010,  -1234.1899, 1681.1222, 22.9607,  0, 0, 0
L -1267.8044, 1681.1273, 22.9493,  -1280.1240, 1681.1219, 23.0010,  0, 0, 0
L -1280.1240, 1681.1219, 23.0010,  -1280.1145, 1587.1183, 23.0010,  0, 0, 0
L -1267.8044, 1681.1273, 27.3747,  -1267.8108, 1694.8781, 27.3838,  0, 0, 0
L -1234.1899, 1681.1222, 27.3542,  -1234.2205, 1695.8776, 27.3189,  0, 0, 0
L -1267.8108, 1694.8781, 17.0010,  -1282.1239, 1694.8770, 17.0010,  0, 0, 0
L -1282.1239, 1694.8770, 17.0010,  -1282.1243, 1706.8787, 13.0010,  0, 0, 0
L -1282.1243, 1706.8787, 4.2284,  -1318.5869, 1706.8752, 1.0010,  0, 0, 0
L -1318.5869, 1706.8752, 1.0010,  -1397.6388, 1743.4365, 1.0010,  0, 0, 0
L -1397.6388, 1743.4365, 1.0010,  -1441.0076, 1825.2457, 6.6651,  0, 0, 0
L -1441.0076, 1825.2457, 6.6651,  -1428.2349, 1878.3121, 1.0010,  0, 0, 0
L -1428.2349, 1878.3121, 1.0010,  -1409.6300, 1911.6074, 1.0010,  0, 0, 0
L -1409.6300, 1911.6074, 1.0010,  -1383.1215, 1925.9181, 1.0010,  0, 0, 0
L -1383.1215, 1925.9181, 15.0010,  -1383.1204, 1936.1239, 17.0010,  0, 0, 0
L -1383.1204, 1936.1239, 17.0010,  -1368.2355, 1936.1136, 17.0010,  0, 0, 0
L -1335.3844, 1949.8760, 26.8102,  -1335.3278, 1935.1213, 26.8837,  0, 0, 0
L -1335.3278, 1935.1213, 17.0010,  -1320.8760, 1935.1213, 17.0010,  0, 0, 0
L -1320.8760, 1935.1213, 17.0010,  -1320.8754, 1924.0566, 13.3135,  0, 0, 0
L -1320.8754, 1924.0566, 1.0010,  -1263.3785, 1926.1042, 1.0010,  0, 0, 0
L -1263.3785, 1926.1042, 1.0010,  -1207.0426, 1899.3662, 2.4726,  0, 0, 0
L -1207.0426, 1899.3662, 2.4726,  -1168.9996, 1858.3965, 1.0010,  0, 0, 0
L -1168.9996, 1858.3965, 1.0010,  -1154.4259, 1785.1210, 1.0010,  0, 0, 0
L -1154.4259, 1785.1210, 9.0010,  -1145.6049, 1785.1190, 11.9008,  0, 0, 0
L -1145.6049, 1785.1190, 11.9008,  -1142.9807, 1767.8766, 12.0010,  0, 0, 0
L -1142.9807, 1767.8766, 22.3990,  -1065.2258, 1766.7683, 19.2321,  0, 0, 0
L -1064.1176, 1734.6714, 20.0630,  -1143.8777, 1734.2946, 22.0143,  0, 0, 0
L -1143.8777, 1734.2946, 12.0010,  -1143.8761, 1706.8759, 7.1941,  0, 0, 0
L -1143.8761, 1706.8759, 7.1941,  -1219.8749, 1706.8756, 1.0010,  0, 0, 0
L -1219.8749, 1706.8756, 13.4050,  -1219.8760, 1695.8777, 17.0010,  0, 0, 0
L -1219.8760, 1695.8777, 17.0010,  -1234.2205, 1695.8776, 17.0010,  0, 0, 0
L -1065.2258, 1766.7683, -20.9990,  -1064.8899, 1790.4469, -20.9990,  0, 0, 0
L -1064.8899, 1790.4469, -20.9990,  -1046.2197, 1809.1243, -20.9990,  0, 0, 0
L -1046.2197, 1809.1243, -20.9990,  -952.8848, 1809.1229, -20.9990,  0, 0, 0
L -952.8848, 1809.1229, -20.9990,  -952.8753, 1690.8760, -20.9990,  0, 0, 0
L -952.8753, 1690.8760, -20.9990,  -1046.2681, 1690.8754, -20.9990,  0, 0, 0
L -1046.2681, 1690.8754, -20.9990,  -1064.1201, 1707.2883, -18.7151,  0, 0, 0
L -1064.1201, 1707.2883, -18.7151,  -1064.1176, 1734.6714, -20.9990,  0, 0, 0
L -1381.1199, 1949.8612, 22.9492,  -1368.9052, 1949.8645, 23.0010,  0, 0, 0
L -1322.8760, 1949.8779, 23.0010,  -1322.8763, 2042.3518, 23.0010,  0, 0, 0
L -1381.1207, 2042.3521, 23.0010,  -1381.1199, 1949.8612, 23.0010,  0, 0, 0
L -1322.8846, 1949.8760, 23.0010,  -1335.3844, 1949.8760, 22.9501,  0, 0, 0
L -1368.9052, 1949.8645, 27.5103,  -1368.2355, 1936.1136, 26.8379,  0, 0, 0
L -1381.1207, 2042.3521, 20.8632,  -1368.6459, 2042.3521, 18.0204,  0, 0, 0
L -1335.1812, 2042.3518, 18.0204,  -1322.8763, 2042.3518, 18.0204,  0, 0, 0
L -1335.1812, 2042.3518, 27.3376,  -1335.3499, 2057.1885, 27.0058,  0, 0, 0
L -1368.6479, 2056.1895, 26.8556,  -1368.6459, 2042.3521, 26.8521,  0, 0, 0
L -1368.6479, 2056.1895, 17.0010,  -1382.8115, 2056.1895, 17.0010,  0, 0, 0
L -1382.8115, 2056.1895, 17.0010,  -1382.8066, 2068.1912, 14.8839,  0, 0, 0
L -1383.1122, 2068.1909, 17.0010,  -1462.8115, 2068.1882, 17.0010,  0, 0, 0
L -1462.8115, 2068.1882, 17.0010,  -1462.8107, 2310.8115, 17.0010,  0, 0, 0
L -1462.8107, 2310.8115, 17.0010,  -1383.1174, 2310.8081, 17.0010,  0, 0, 0
L -1320.8779, 2310.8091, 17.0010,  -1212.1885, 2310.8103, 17.0010,  0, 0, 0
L -1212.1885, 2310.8103, 17.0010,  -1212.1931, 2068.1885, 17.0010,  0, 0, 0
L -1212.1931, 2068.1885, 17.0010,  -1320.8761, 2068.1902, 17.0010,  0, 0, 0
L -1321.1877, 2068.1904, 14.9984,  -1321.1903, 2057.1885, 17.0010,  0, 0, 0
L -1321.1903, 2057.1885, 17.0010,  -1335.3499, 2057.1885, 17.0010,  0, 0, 0
L -1383.1217, 2266.1245, 1.0010,  -1422.1239, 2266.1218, 1.0010,  127, 127, 127
L -1422.1239, 2266.1218, 1.0010,  -1422.1216, 2112.8760, 1.0010,  127, 127, 127
L -1422.1216, 2112.8760, 1.0010,  -1383.1218, 2112.8804, 1.0010,  127, 127, 127
L -1383.1218, 2112.8804, 3.0010,  -1383.1122, 2068.1909, 3.0010,  127, 127, 127
L -1320.8761, 2068.1902, 3.0010,  -1320.8799, 2112.8762, 3.0010,  127, 127, 127
L -1320.8799, 2112.8762, 1.0010,  -1254.8760, 2112.8796, 1.0010,  127, 127, 127
L -1254.8760, 2112.8796, 1.0010,  -1254.8762, 2266.1238, 1.0010,  127, 127, 127
L -1254.8762, 2266.1238, 1.0010,  -1320.8779, 2266.1208, 1.0010,  127, 127, 127
L -1320.8779, 2266.1208, 3.0010,  -1320.8779, 2310.8091, 3.0010,  127, 127, 127
L -1383.1174, 2310.8081, 3.0010,  -1383.1217, 2266.1245, 3.0010,  127, 127, 127
L -1320.8774, 2310.8093, 15.0010,  -1320.8776, 2321.1238, 17.0010,  0, 0, 0
L -1320.8776, 2321.1238, 17.0010,  -1335.1271, 2321.1152, 17.0010,  0, 0, 0
L -1368.9736, 2322.1208, 17.0010,  -1383.1239, 2322.1206, 17.0010,  0, 0, 0
L -1383.1239, 2322.1206, 17.0010,  -1383.1222, 2310.8083, 15.0010,  0, 0, 0
L -1335.1271, 2321.1152, 27.4059,  -1335.2507, 2338.8760, 27.3188,  0, 0, 0
L -1368.5444, 2338.8787, 26.8851,  -1368.9736, 2322.1208, 27.3625,  0, 0, 0
L -1335.2507, 2338.8760, 22.9504,  -1322.8760, 2338.8760, 23.0010,  0, 0, 0
L -1322.8760, 2338.8760, 23.0010,  -1322.8768, 2429.1238, 23.0010,  0, 0, 0
L -1322.8768, 2429.1238, 23.0010,  -1335.3705, 2429.1248, 22.9503,  0, 0, 0
L -1368.8831, 2429.1260, 22.9502,  -1381.1239, 2429.1218, 23.0010,  0, 0, 0
L -1381.1239, 2429.1218, 23.0010,  -1381.1216, 2338.8760, 23.0010,  0, 0, 0
L -1381.1216, 2338.8760, 23.0010,  -1368.5444, 2338.8787, 22.9504,  0, 0, 0
L -1335.3705, 2429.1248, 27.0891,  -1334.9313, 2454.8760, 27.3344,  0, 0, 0
L -1368.4685, 2454.8757, 27.0400,  -1368.8831, 2429.1260, 27.4688,  0, 0, 0
L -1372.9263, 2558.4697, 7.0010,  -1372.9233, 2582.0649, 7.0010,  127, 127, 127
L -1372.9233, 2582.0649, 7.0010,  -1367.0872, 2582.0525, 7.0010,  127, 127, 127
L -1367.0872, 2582.0525, 7.0010,  -1367.0896, 2588.2368, 7.0010,  127, 127, 127
L -1367.0896, 2588.2368, 7.0010,  -1343.8402, 2588.2351, 7.0010,  127, 127, 127
L -1343.8402, 2588.2351, 6.9963,  -1344.0854, 2605.0286, 7.0010,  127, 127, 127
L -1344.0854, 2605.0286, 7.0010,  -1367.0916, 2605.0286, 7.0010,  127, 127, 127
L -1367.0916, 2605.0286, 7.0010,  -1367.0848, 2610.1841, 7.0010,  127, 127, 127
L -1367.0848, 2610.1841, 7.0010,  -1372.3806, 2610.1843, 7.0010,  127, 127, 127
L -1372.3806, 2610.1843, 7.0010,  -1372.3777, 2633.3499, 7.0010,  127, 127, 127
L -1372.3777, 2633.3499, 7.0010,  -1389.1785, 2633.3501, 7.0010,  127, 127, 127
L -1389.1785, 2633.3501, 7.0010,  -1389.1849, 2610.1841, 7.0010,  127, 127, 127
L -1389.1849, 2610.1841, 7.0010,  -1395.2120, 2610.1838, 7.0010,  127, 127, 127
L -1395.2120, 2610.1838, 7.0010,  -1395.2130, 2605.3013, 7.0010,  127, 127, 127
L -1395.2130, 2605.3013, 7.0010,  -1418.4941, 2605.3013, 7.0010,  127, 127, 127
L -1418.4941, 2605.3013, 7.0010,  -1418.4930, 2588.5078, 7.0010,  127, 127, 127
L -1418.4930, 2588.5078, 7.0010,  -1395.2108, 2588.5090, 7.0010,  127, 127, 127
L -1395.2108, 2588.5090, 7.0010,  -1395.2117, 2582.0845, 7.0010,  127, 127, 127
L -1389.7280, 2558.4688, 7.0010,  -1389.7278, 2582.0649, 7.0010,  127, 127, 127
L -1389.7278, 2582.0649, 7.0010,  -1395.2117, 2582.0845, 7.0010,  127, 127, 127
L -1389.7280, 2558.4688, 6.2084,  -1372.9263, 2558.4697, 6.2091,  127, 127, 127
L -1275.1205, 2561.8770, 1.0010,  -1275.1189, 2517.1223, 1.0010,  127, 127, 127
L -1275.1189, 2517.1223, 1.0010,  -1323.8743, 2517.1238, 1.0010,  127, 127, 127
L -1275.1205, 2561.8770, 4.0010,  -1323.8842, 2561.8789, 4.0010,  127, 127, 127
L -1323.8842, 2561.8789, 5.6845,  -1323.8743, 2517.1238, 4.0010,  127, 127, 127
L -1424.1201, 2561.8772, 7.0937,  -1424.1191, 2517.1260, 4.0010,  127, 127, 127
L -1424.1191, 2517.1260, 1.0010,  -1472.8779, 2517.1187, 1.0010,  127, 127, 127
L -1472.8779, 2517.1187, 1.0010,  -1472.8756, 2561.8770, 1.0010,  127, 127, 127
L -1472.8756, 2561.8770, 4.0010,  -1424.1201, 2561.8772, 4.0010,  127, 127, 127
L -1424.0636, 2638.1292, 4.0010,  -1470.0208, 2638.1189, 4.0010,  127, 127, 127
L -1472.8772, 2643.9814, 1.0010,  -1472.8784, 2677.8767, 1.0010,  127, 127, 127
L -1472.8784, 2677.8767, 1.0010,  -1424.1279, 2677.8765, 1.0010,  127, 127, 127
L -1424.1279, 2677.8765, 4.0010,  -1424.0636, 2638.1292, 8.9820,  127, 127, 127
L -1323.8778, 2677.8765, 4.8023,  -1323.8779, 2638.1060, 9.2565,  127, 127, 127
L -1323.8778, 2677.8765, 1.0010,  -1275.1208, 2677.8765, 1.0010,  127, 127, 127
L -1275.1208, 2677.8765, 1.0010,  -1275.1256, 2638.1260, 1.0010,  127, 127, 127
L -1275.1256, 2638.1260, 4.0010,  -1323.8779, 2638.1060, 6.9257,  127, 127, 127
L -1395.1207, 2137.8765, -5.9990,  -1395.1212, 2247.1174, -5.9990,  127, 127, 127
L -1295.8787, 2228.1238, -11.9990,  -1379.1239, 2228.1213, -11.9990,  127, 127, 127
L -1379.1239, 2228.1213, -11.9990,  -1379.1232, 2152.8760, -11.9990,  127, 127, 127
L -1379.1232, 2152.8760, -11.9990,  -1295.8760, 2152.8770, -11.9990,  127, 127, 127
L -1295.8760, 2152.8770, -11.9990,  -1295.8759, 2228.1238, -11.9990,  127, 127, 127
L -1295.8759, 2228.1238, -11.9990,  -1295.8759, 2228.1238, -11.9990,  127, 127, 127
L -1395.1212, 2247.1174, -5.9990,  -1279.8785, 2247.1279, -5.9990,  127, 127, 127
L -1279.8785, 2247.1279, -5.9990,  -1279.8770, 2137.8784, -5.9990,  127, 127, 127
L -1279.8770, 2137.8784, -5.9990,  -1395.1207, 2137.8765, -5.9990,  127, 127, 127
