P 478.9883, 968.4713, -17.3873,  240, 0, 0,  3,  Zone_To_CE
P 242.3212, 625.9175, -86.9677,  0, 240, 0,  2,  Roof_Trap
P 524.9633, 1082.4960, -3.9990,  240, 0, 0,  3,  zone_to_Sol_A
P 576.6644, 165.8144, 14.0010,  240, 0, 0,  3,  zone_to_Sol_A
P 265.7016, 413.6794, -111.9677,  240, 0, 0,  3,  Zone_to_LS
P 405.7232, 364.1040, 8.0010,  240, 0, 0,  3,  Zone_to_Sol_A
P 508.2775, 278.4952, 22.0010,  240, 0, 0,  3,  zone_to_Sol_A
P -260.2569, 618.2842, -79.3726,  0, 240, 0,  3,  Pit_Trap
P 824.1094, 1376.3341, 85.2861,  240, 0, 0,  3,  Lord_Nagafen
P 390.7500, 1552.3435, 25.0010,  240, 0, 0,  3,  FG_king
