P -79.3613, 2219.8948, -768.0000,  0, 0, 0,  2,  Neerin
P -215.7425, -1478.4410, -72.0000,  0, 0, 0,  2,  return
P -696.3388, -1512.2721, -168.0000,  0, 0, 0,  2,  Guardian
P -700.2560, -1651.4863, -168.0000,  0, 0, 0,  2,  Guardian
P -829.5051, -1652.1698, -168.0000,  0, 0, 0,  2,  Guardian
P -836.5747, -1519.5311, -168.0000,  0, 0, 0,  2,  Guardian
P 1295.6995, 642.9433, -384.0000,  0, 0, 0,  2,  to_The_Protector_of_Dresolik
P 943.7872, -2663.9468, -912.0000,  0, 0, 0,  2,  return
P 1104.0797, -2383.7837, -912.0000,  0, 0, 0,  3,  Rizlona
P 366.1471, -300.4709, 0.0000,  0, 0, 0,  2,  to_Rizlona
P 0.0000, 854.3543, -480.0000,  0, 0, 0,  2,  to_Solusek_Ro
P 2094.0479, -58.9552, -1104.0000,  0, 0, 0,  2,  return
P 2253.0645, 257.3480, -1092.0000,  0, 0, 0,  3,  Jiva
P -211.9411, -671.9038, -384.0000,  0, 0, 0,  2,  to_Jiva
P -1570.4711, -1944.5359, 624.0000,  0, 0, 0,  2,  return
P -1725.4690, -1685.0535, 624.0000,  0, 0, 0,  3,  Arlyxir
P -367.1911, -300.2717, 0.0000,  0, 0, 0,  2,  to_Arlyxir
P -1835.8992, 314.5910, 336.0000,  0, 0, 0,  2,  return
P -1834.5657, 714.5060, 312.0000,  0, 0, 0,  3,  Xuzl
P -1295.9160, 642.1620, -384.0000,  0, 0, 0,  2,  to_Xuzl
P 0.0000, 1600.0000, 240.0000,  0, 0, 0,  3,  Solusek_Ro
