L 3726.2378, 3041.4602, -2.7434,  3726.2378, 3041.4602, -2.6752,  0, 0, 0
P -907.6553, -2875.2468, -33.3091,  0, 0, 0,  3,  GRIZZLEKNOT
P -1824.4895, 3300.4409, 77.4286,  0, 0, 0,  2,  Brother_Qwinn_roaming_(monk_dude)
P -3018.5403, 4492.7158, 31.0657,  0, 0, 0,  2,  shadowed_men_camp
P 2590.8889, 5466.7964, 6.7075,  0, 0, 0,  2,  hermit
P -1189.4954, -1376.3167, 37.2635,  0, 0, 0,  3,  Skellies
P 2347.8438, -2336.9512, -67.1030,  0, 0, 0,  1,  Yeka_Ias_(druid_epic)
P -1363.9650, 2541.8232, 0.5826,  0, 0, 0,  2,  Brother_Drash
P 3726.2378, 3041.4602, -1.8470,  0, 0, 0,  2,  seq:_gnoll_dung_?
P 3289.7168, 5996.3867, -2.3475,  0, 0, 0,  2,  seq:_a_wraith_?
P 3287.0007, 6005.7539, -2.6373,  0, 0, 0,  2,  seq:_Skel_Spawn_?
P 3325.0977, 6105.1597, -1.4412,  0, 0, 0,  2,  seq:_coven_spawner_?
P 3529.0378, 4328.8398, 4.8988,  0, 0, 0,  2,  an_interrogator
P 3305.4597, 6041.3467, -3.3761,  0, 0, 0,  2,  spot
