P 342.0000, 596.0000, 143.1473,  0, 0, 240,  2,  Innothule_Swamp
P 2003.2605, -5132.3691, 30.5942,  0, 0, 240,  2,  North_Desert_of_Ro
P 2451.7029, -5241.1826, 12.6987,  0, 0, 240,  2,  North_Desert_of_Ro
P 2500.6731, -4183.3491, 1.0234,  0, 0, 240,  2,  Translocator_Tradil
P 2386.3770, -4186.4785, 0.7316,  0, 0, 0,  2,  Dimbwicket_Middifoodle
P 2376.9619, -4147.2759, 1.1283,  0, 0, 0,  2,  Plinkletop_Cogstopper
P 664.8415, -4779.9429, 45.5589,  0, 0, 0,  2,  Keelee_Rayin
P 1495.0814, -3152.3943, 34.6539,  0, 0, 0,  2,  Innkeep_Marnan
P 1517.1525, -3151.8845, 34.6539,  0, 0, 0,  2,  Innkeep_Tizzy
P 1219.4493, -2107.3684, 24.4634,  0, 0, 0,  2,  Feriern_Telenthar
P 1202.7046, -2094.7268, 24.3321,  0, 0, 0,  2,  Smith_Tv`ysa
P 1173.0377, -2036.5427, 23.6419,  0, 0, 0,  2,  Artist_Passia
P 2093.1843, -3830.7676, 27.3724,  0, 0, 0,  2,  Hurgo_Felcind
P 2123.3403, -3873.7791, 28.0006,  0, 0, 0,  2,  Ranzall_Netcaster
P 2099.9312, -3918.2661, 28.9785,  0, 0, 0,  2,  Grusyll_Eshaan
P 2066.8467, -3888.9177, 24.2344,  0, 0, 0,  2,  Tacots_Silentblade
P 2042.7504, -3884.6223, 23.4269,  0, 0, 0,  2,  Mantrek_Needlebend
P 1891.9747, -4675.9634, 20.2376,  0, 0, 0,  2,  Synthan
P 1865.1146, -4664.3481, 20.2376,  0, 0, 0,  2,  Isslana
P 1877.4640, -4707.1978, 20.1814,  0, 0, 0,  2,  Gadallion
P 1844.3868, -4721.4331, 20.2880,  0, 0, 0,  2,  Transan
P 1831.0236, -4702.3340, 20.2601,  0, 0, 0,  2,  Nura_Dumont
P 1888.8467, -4736.1597, 27.9836,  0, 0, 0,  2,  Tran
P 2181.0740, -4168.1489, 28.0642,  0, 0, 0,  2,  Boadiel_Sharen
P 2195.0286, -4195.3149, 22.6233,  0, 0, 0,  2,  Jaysen_Voon
P 1340.9244, -616.8291, 69.1963,  0, 0, 0,  2,  Bryntelanka_Battlebringer
P 1362.2035, -895.5534, 79.2984,  0, 0, 240,  2,  Wizard_Spires
P 1402.9192, -712.6288, 62.2272,  0, 0, 0,  2,  Becoreen_Pathfinder
P 1515.5521, 272.1445, 104.5587,  0, 0, 240,  2,  Druid_Ring
