P -1288, 2428, 0, 255, 255, 255, 2, Orc_Camp
P -1359, 1763, 0, 255, 255, 255, 2, Orc_Camp
P -1348, 1273, 0, 255, 255, 255, 2, Orc_Camp
P -496, 1309, 0, 255, 255, 255, 2, Orc_Camp
P -308, 2061, 0, 255, 255, 255, 2, Druid_Rings
P 789, 2056, 0, 255, 255, 255, 2, Orc_Camp
P 765, 1224, 0, 255, 255, 255, 2, Orc_Camp
P -124, 1044, 0, 255, 255, 255, 2, Wizard_Spires
P -1306, 181, 0, 255, 255, 255, 2, Dervish_Camp
P 681, -102, 0, 255, 255, 255, 2, Dervish_Camp
P -425, -101, 0, 255, 255, 255, 2, Dark_Elf_Merchants
P -1046, 3194, 0, 255, 255, 255, 2, Inno._Swamp
P -220, -1452, 0, 255, 255, 255, 2, Oasis
P -795, 2073, 0, 255, 255, 255, 2, Orc_Camp
P -286, -1265, 0, 255, 255, 255, 2, Succor_Point
P -1343, 2124, -85,  240, 0, 0,  3,  LDoN_Entrance
P -1070, 1451, -23,  240, 0, 0,  3,  Wayfarer_Camp
P -505, 2812, -27,  0, 240, 0, 2,  Farwein_Windrun
