P 798.0000, 131.0000, 84.0010,  0, 0, 0,  3,  Grelan_(Spells)
P 574.0000, 725.0000, 84.0010,  0, 0, 0,  3,  Glendra_(Spells)
P 535.0000, 995.0000, 84.0010,  0, 0, 0,  3,  Adelia_(Spells)
P -218.0000, 766.0000, 119.0010,  0, 0, 0,  1,  Adelia_(Spells)
P -152.0000, 64.0000, 119.0010,  0, 0, 0,  3,  Kezzlek_(GM_Rogue)
P 538.0000, 698.0000, 96.0010,  0, 0, 0,  3,  Yusi_(GM_Enchanter)
P 792.0000, 733.0000, 84.0010,  0, 0, 0,  3,  Glipo_(GM_Rogue)
P 542.0000, 881.0000, 119.0010,  0, 0, 0,  3,  Valar_(GM_Warrior)
P 536.0000, 63.0000, 119.0010,  0, 0, 0,  3,  Balakaz_(GM_Cleric)
P 808.0000, 69.0000, 119.0010,  0, 0, 0,  3,  Martolin_(GM_Ranger)
P 669.0000, 94.0000, 119.0010,  0, 0, 0,  3,  Taol_(GM_Monk)
P -218.0000, 766.0000, 119.0010,  0, 0, 0,  3,  Aealin_(GM_Monk)
P -88.0000, 758.0000, 119.0010,  0, 0, 0,  3,  Falak_(GM_Warrior)
P -278.0000, 750.0000, 56.0010,  0, 0, 0,  3,  Truthtaker_(GM_Cleric)
P -358.0000, 702.0000, 96.0010,  0, 0, 0,  3,  Emon_(GM_Ranger)
P -109.0000, 958.0000, 84.0010,  0, 0, 0,  3,  Wassein_(GM_Wizard)
P -332.0000, 734.0000, 84.0010,  0, 0, 0,  3,  Argrur_(Spells)
P -285.0000, 818.0000, 84.0010,  0, 0, 0,  3,  Ralla_(GM_Paladin)
P -69.0000, 922.0000, 56.0010,  0, 0, 0,  3,  Naillo_(GM_Rogue)
P 592.0000, 726.0000, 84.0010,  0, 0, 0,  3,  Banael_(GM_Wizard)
P 555.0000, 1005.0000, 119.0010,  0, 0, 0,  3,  Gastir_(GM_Paladin)
P 698.0000, -83.0000, 56.0010,  0, 0, 0,  3,  Yka_(GM_Rogue)
P 670.0000, -4.0000, 56.0010,  0, 0, 0,  3,  Salnu_(GM_Warrior)
P 522.0000, 138.0000, 84.0010,  0, 0, 0,  3,  Yalkin_(GM_Wizard)
P -379.6377, -1152.6758, 56.0010,  0, 0, 0,  3,  to_Marus_Seru
P 236.5179, -1420.0502, 56.0010,  0, 0, 0,  3,  to_The_Dawnshroud_Peaks
P -330.3765, -808.5079, 56.0010,  0, 0, 0,  3,  Brew_Barrel
P -186.1632, -836.7562, 56.0010,  0, 0, 0,  3,  Brewing_Merchants
P -1017.0000, -92.0000, 56.0010,  0, 0, 0,  3,  Adren_(Bank)
P -1029.0000, -10.0000, 56.0010,  0, 0, 0,  3,  Wulan_(Smith)
P -1026.0000, 118.0000, 56.0010,  0, 0, 0,  3,  Melda_(Smith)
P -1026.0000, 50.0000, 56.0010,  0, 0, 0,  3,  Gaston_(Merchant)
P -995.9674, 666.5793, 56.0010,  0, 0, 0,  3,  Brew_Barrel
P -1042.0099, 823.5926, 56.0010,  0, 0, 0,  3,  Brewing_Merchants
P -476.5613, 912.2164, 56.0010,  0, 0, 0,  3,  Smithing_Merchants
P -544.8547, 985.7133, 56.1245,  0, 0, 0,  3,  Forge
P -485.0000, 806.0000, 56.0010,  0, 0, 0,  3,  Vassa_(Merchant)
P -482.0000, 749.0000, 56.0010,  0, 0, 0,  3,  Luki_(Merchant)
P -485.0000, 719.0000, 56.0010,  0, 0, 0,  3,  Tala_(Merchant)
P -482.0000, 124.0000, 56.0010,  0, 0, 0,  3,  Fareye_(Fletcher)
P -483.0000, 8.0000, 56.0010,  0, 0, 0,  3,  Cobaen_(Merchant)
P -546.3912, -136.5001, 56.1245,  0, 0, 0,  3,  Forge
P -484.8837, -80.8571, 56.0010,  0, 0, 0,  3,  Smithing_Merchants
P -276.0000, -283.0000, 56.0010,  0, 0, 0,  3,  Fraeg_(Smith)
P -129.5623, -304.4213, 56.0010,  0, 0, 0,  3,  Oven
P -189.0000, -281.0000, 56.0010,  0, 0, 0,  3,  Taldris_(Merchant)
P -150.0000, -285.0000, 56.0010,  0, 0, 0,  3,  Pawil_(Baking)
P -59.0000, -282.0000, 56.0010,  0, 0, 0,  3,  Faber_(Smith)
P 534.0000, -283.0000, 56.0010,  0, 0, 0,  3,  Milner_(Baking)
P 646.0000, -279.0000, 56.0010,  0, 0, 0,  3,  Falwin_(Merchant)
P 746.0000, -283.0000, 56.0010,  0, 0, 0,  3,  Boloth_(Smith)
P 941.0693, -82.8738, 56.0010,  0, 0, 0,  3,  Smithing_Merchants
P 944.0000, 21.0000, 56.0010,  0, 0, 0,  3,  Nyrick_(Merchant)
P 947.0000, 134.0000, 56.0010,  0, 0, 0,  3,  Laren_(Tailor)
P 990.6937, 664.7988, 56.0010,  0, 0, 0,  3,  Pottery_Wheel
P 917.0142, 680.3979, 56.0010,  0, 0, 0,  3,  Kiln
P 945.3281, 737.9454, 56.0010,  0, 0, 0,  3,  Pottery_Merchants
P 947.0000, 828.0000, 56.0010,  0, 0, 0,  3,  Qearin_(Merchant)
P 947.0000, 936.0000, 56.0010,  0, 0, 0,  3,  Asotha_(Jewelry)
P 1486.8159, 822.5518, 56.0010,  0, 0, 0,  3,  Brewing_Merchants
P 1475.8594, 665.7168, 56.0010,  0, 0, 0,  3,  Brew_Barrel
P 1488.0000, 113.0000, 56.0010,  0, 0, 0,  3,  Mal_(Merchant)
P 1490.0000, 18.0000, 56.0010,  0, 0, 0,  3,  Laltar_(Merchant)
P 1480.0000, -94.0000, 56.0010,  0, 0, 0,  3,  Falak_(Bank)
P 797.0345, -804.2621, 56.0010,  0, 0, 0,  3,  Brew_Barrel
P 609.6832, -830.4548, 56.0010,  0, 0, 0,  3,  Brewing_Merchants
P -70.0000, -132.0000, 84.0010,  0, 0, 0,  3,  Diendra_(Spells)
P -61.0000, 71.0000, 84.0010,  0, 0, 0,  3,  Vrogar_(Spells)
P -64.0000, -118.0000, 119.0010,  0, 0, 0,  3,  Goshul_(GM_Warrior)
