P 749.6768, 2288.5425, 0.5086,  127, 0, 0,  3,  To_Goru'kar_Mesa
P 570.0000, -2178.0000, 348.4467,  127, 0, 0,  3,  To_Icefall_Glacier
P -1133.2450, -1624.3882, 96.8399,  240, 240, 0,  2,  Hill_Giants
P -1505.6039, -1802.6084, 79.1311,  240, 127, 0,  3,  Giant_Caves
P -818.3889, -1909.3154, 180.1622,  240, 240, 0,  2,  Old_Bones
P -626.0081, -1906.7554, 181.5682,  240, 240, 0,  2,  Cordagan_Boulderfist
P -385.6001, -1524.9921, 206.2911,  240, 240, 0,  2,  Captain_Gul
P -277.6907, -1658.4297, 184.3352,  240, 127, 0,  3,  Tunnel
P -261.7093, -1642.7505, 185.8724,  240, 240, 0,  2,  Bordan_the_Cursed
P 270.5250, -1758.4391, 180.2280,  240, 127, 0,  3,  Darkfell_Valley
P 1601.2867, 1641.3711, 62.1797,  240, 127, 0,  3,  Spider_Caves_1
P 1325.9806, 944.2534, 1.9948,  240, 127, 0,  3,  Spider_Caves_2
P -113.7319, 1721.6852, 0.7697,  0, 0, 0,  2,  Firebelly_the_Cook
P -326.2045, 1528.8197, 0.2792,  0, 0, 0,  2,  Sneaktalker_Gizdor
P -786.5065, 1622.1887, 1.0232,  0, 0, 0,  2,  Stonemight_Chieftain_Longtooth
P -534.2015, 628.0061, 90.5986,  240, 127, 0,  3,  Grove_Forest
P -823.9105, 402.7475, 89.4971,  0, 0, 0,  2,  Triants_and_Guardians
P -1578.3750, -349.7985, 89.2936,  240, 127, 0,  3,  Bear_Cave
P -579.7827, -159.0897, 119.9167,  240, 240, 0,  2,  Leopards
P -142.9746, 91.0207, 306.7871,  240, 127, 0,  3,  Central_Mountain
P 115.8609, 378.6628, 99.5011,  240, 240, 0,  2,  Elementals
P 941.2313, -258.8797, 137.4233,  240, 127, 0,  3,  Yally's_Isle
P 727.0503, -397.5331, 90.9331,  0, 0, 255,  3,  Lake_Cattina
P 823.4962, -390.2293, 119.6606,  240, 240, 0,  2,  Lizards
P 1099.3678, -657.4520, 150.4882,  240, 127, 0,  3,  Druidring
