P -873.0000, 3167.0000, 2.0000,  0, 0, 0,  2,  drazak_o'lyn_(quests)
P -920.0000, 1630.0000, 371.0000,  0, 240, 240,  2,  crusade_of_scale
P 345.0000, 3222.0000, 27.0000,  240, 0, 0,  2,  Keepers_of_South_Spire
P -419.0000, 999.0000, 230.0000,  0, 0, 0,  2,  Rhuk_L'vere
P -425.0000, 1013.0000, 238.0000,  0, 0, 0,  2,  bonesnapper_meat_quest
P -924.0000, 1679.0000, 363.0000,  0, 240, 240,  3,  drakkin_outpost
P -980.0000, 1545.0000, 370.0000,  127, 0, 0,  1,  banker
P -972.0000, 1525.0000, 370.0000,  0, 0, 0,  1,  aug_pool
P -1029.0000, 1510.0000, 369.0000,  0, 127, 0,  2,  Zhureni_(quests_70+)
P -782.0000, 1363.0000, 384.0000,  0, 0, 0,  2,  Artificer_Pulizzi_(quests_70+)
P -637.0000, 1217.0000, 388.0000,  240, 0, 0,  3,  Sergeant_Kazzar_(Quests)
P -555.0000, 1150.0000, 391.0000,  0, 0, 0,  2,  Peripidid_(quests_70+)
P -943.0000, -214.0000, 206.0000,  240, 0, 0,  3,  western_spire
P -1130.0000, -916.0000, 362.0000,  0, 0, 0,  2,  Sandstorm_wanders
P -1128.0000, 383.0000, 208.0000,  240, 0, 0,  3,  Beware_Geyser
P -1092.0000, 426.0000, 211.0000,  240, 0, 0,  2,  it_can_kill_you
P -976.0000, 513.0000, 210.0000,  0, 0, 0,  2,  Doomfount
P -611.0000, -529.0000, 209.0000,  0, 0, 0,  3,  Wizard_Spires
P -866.0000, -1807.0000, 544.0000,  0, 0, 0,  3,  skyrake
P -1255.0000, -3292.0000, 352.0000,  0, 0, 0,  3,  Oblivion
P -1352.0000, -2859.0000, 361.0000,  0, 0, 0,  2,  Balloondabloop_wanders
P 1015.0000, -980.0000, 365.0000,  0, 0, 0,  3,  Fiddleback
P 712.0000, -534.0000, 208.0000,  240, 0, 0,  3,  eastern_spire
P 272.0000, 232.0000, 179.0000,  0, 0, 0,  2,  Tortugone_(wanders)
P 1591.0000, 932.0000, 212.0000,  0, 240, 0,  3,  To_Vergalid_Mines
P 698.0000, 3759.0000, -1.0000,  0, 0, 0,  3,  To_Goru`kar_Mesa
P 731.0000, 2141.0000, 204.0000,  0, 0, 0,  3,  Anaglass_(quests)
P 363.0000, -2932.0000, 351.0000,  0, 0, 0,  3,  To_Direwind_Cliffs
P 49.0000, -2370.0000, 564.0000,  0, 0, 0,  3,  steam_lord_roil
P 1189.0000, -3023.0000, 356.0000,  240, 0, 0,  3,  Northern_Spire
P 726.0000, -2286.0000, 416.0000,  0, 0, 0,  2,  randalph_the_wise_and_pasimile
P 700.0000, -2257.0000, 404.0000,  0, 0, 0,  1,  path_around_here
P -1527.0000, 2508.0000, 4.0000,  0, 0, 0,  2,  chimera_cave
P -2165.0000, 2460.0000, -3.0000,  0, 0, 0,  3,  Trideath
P -860.0000, 1430.0000, 380.0000,  240, 240, 240,  2,  Melee_Tomes
P -833.0000, 1382.0000, 382.0000,  240, 240, 240,  2,  Cleric_Spells
P -790.0000, 1382.0000, 382.0000,  240, 240, 240,  2,  Paladin_Spells
P 1063.0000, -1616.0000, 565.0000,  240, 240, 240,  2,  Mage_Spells
P -643.0000, 1305.0000, 387.0000,  0, 0, 0,  2,  mustaq_busla_(range_item_quest)
P -740.0000, 1547.0000, 375.0000,  0, 0, 0,  2,  fentier_(shield_quest)
P -834.0000, 1463.0000, 378.0000,  0, 0, 0,  2,  arkin_(faction_quest)
P -860.0000, 1380.0000, 386.0000,  0, 0, 0,  2,  nhemen_(1h_blunt_wpn_quest)
