P 4.3965, -34.6890, -550.5745,  0, 0, 0,  3,  Trapdoor_Room
P 1.8497, -138.9299, -630.5745,  127, 0, 0,  3,  Roaming_Ayonae
P 0.5810, 23.5373, 0.0000,  0, 0, 0,  3,  Tower_of_Vertigo
P -0.2981, 1.0363, -497.7807,  0, 0, 0,  3,  Trapdoor_2
P -119.3243, 1.0737, -450.4305,  0, 0, 0,  3,  Room_4
P 0.1952, -114.5267, -350.4305,  0, 0, 0,  3,  Room_3
P 111.6399, 1.1239, -250.4306,  0, 0, 0,  3,  Room_2
P 0.8187, 117.2180, -150.4306,  0, 0, 0,  3,  Room_1
P -61.9632, 1.0348, 0.5697,  0, 0, 0,  3,  Trapdoor_1
P 0.0111, 117.0553, -0.3746,  0, 0, 0,  2,  Zone_Line
P 0.0000, -10.0000, 0.0000,  0, 0, 0,  3,  The_Belfry
