L -278.4689, 2067.3796, -45.3475,  -305.0072, 2053.1616, -45.6446,  150, 0, 200
L -278.3531, 2067.2468, -45.3240,  -288.8571, 2079.1384, -47.3095,  64, 64, 64
L -271.7326, 2047.8982, -40.8394,  -278.3531, 2067.2468, -45.3240,  64, 64, 64
L -274.5353, 2029.9110, -37.5797,  -271.7326, 2047.8982, -40.8394,  64, 64, 64
L -284.7328, 2014.3376, -34.1491,  -274.5353, 2029.9110, -37.5797,  64, 64, 64
L -298.8021, 2002.7061, -31.4506,  -284.7328, 2014.3376, -34.1491,  64, 64, 64
L -310.8210, 1997.7190, -29.4369,  -298.8021, 2002.7061, -31.4506,  64, 64, 64
L -319.6657, 1994.2886, -26.3708,  -310.8210, 1997.7190, -29.4369,  64, 64, 64
L -325.9067, 1989.7065, -24.4075,  -319.6657, 1994.2886, -26.3708,  64, 64, 64
L -329.6704, 1984.7965, -21.3501,  -325.9067, 1989.7065, -24.4075,  64, 64, 64
L -333.8986, 1977.1064, -18.5426,  -329.6704, 1984.7965, -21.3501,  64, 64, 64
L -335.0939, 1969.2786, -13.3706,  -333.8986, 1977.1064, -18.5426,  64, 64, 64
L -335.0938, 1960.3124, -11.7868,  -335.0939, 1969.2786, -13.3706,  64, 64, 64
L -364.9062, 1960.3125, -11.7869,  -335.0938, 1960.3124, -11.7868,  64, 64, 64
L -364.9062, 1969.1808, -13.3667,  -364.9062, 1960.3125, -11.7869,  64, 64, 64
L -362.7285, 1984.9707, -17.3198,  -364.9062, 1969.1808, -13.3667,  64, 64, 64
L -356.2824, 1998.4077, -20.7827,  -362.7285, 1984.9707, -17.3198,  64, 64, 64
L -347.1306, 2010.6671, -24.2985,  -356.2824, 1998.4077, -20.7827,  64, 64, 64
L -334.4460, 2020.1736, -26.4532,  -347.1306, 2010.6671, -24.2985,  64, 64, 64
L -314.1949, 2028.1593, -31.4415,  -334.4460, 2020.1736, -26.4532,  64, 64, 64
L -308.3263, 2032.8558, -33.8266,  -314.1949, 2028.1593, -31.4415,  64, 64, 64
L -302.6880, 2039.0908, -37.4007,  -308.3263, 2032.8558, -33.8266,  64, 64, 64
L -301.3930, 2045.2704, -40.8367,  -302.6880, 2039.0908, -37.4007,  64, 64, 64
L -303.5046, 2051.5024, -45.1114,  -301.3930, 2045.2704, -40.8367,  64, 64, 64
L -310.4908, 2058.4331, -47.4938,  -303.5046, 2051.5024, -45.1114,  64, 64, 64
L -313.6694, 2060.5571, -48.4314,  -310.4908, 2058.4331, -47.4938,  64, 64, 64
L -320.8015, 2063.4717, -50.1372,  -313.6694, 2060.5571, -48.4314,  64, 64, 64
L 2019.6389, -642.4545, 13.9250,  2050.6428, -652.9817, 13.9206,  64, 64, 64
L 1995.0775, -621.0872, 13.9310,  2019.6389, -642.4545, 13.9250,  64, 64, 64
L 1989.5836, -605.8138, 13.9324,  1995.0775, -621.0872, 13.9310,  64, 64, 64
L 1987.4242, -598.9604, 13.9309,  1989.5836, -605.8138, 13.9324,  64, 64, 64
L 1985.4429, -579.5466, 13.6833,  1987.4242, -598.9604, 13.9309,  64, 64, 64
L 1983.4230, -576.8290, 13.9297,  1985.4429, -579.5466, 13.6833,  64, 64, 64
L 1978.2662, -571.6436, 13.7948,  1983.4230, -576.8290, 13.9297,  64, 64, 64
L 1974.5146, -570.7606, 13.9256,  1978.2662, -571.6436, 13.7948,  64, 64, 64
L 1953.8141, -568.3093, 13.8491,  1974.5146, -570.7606, 13.9256,  64, 64, 64
L 1937.8640, -569.1594, 13.5933,  1953.8141, -568.3093, 13.8491,  64, 64, 64
L 1925.2262, -569.7621, 13.3026,  1937.8640, -569.1594, 13.5933,  64, 64, 64
L 1902.0914, -571.1741, 12.9226,  1925.2262, -569.7621, 13.3026,  64, 64, 64
L 1888.4545, -572.8961, 12.3737,  1902.0914, -571.1741, 12.9226,  64, 64, 64
L 1872.2263, -576.3187, 11.3558,  1888.4545, -572.8961, 12.3737,  64, 64, 64
L -1441.8054, -1498.4475, -30.7751,  -1445.3246, -1515.8165, -30.6862,  0, 0, 240
L -1451.5610, -1459.7161, -30.7384,  -1441.8054, -1498.4475, -30.7751,  0, 0, 240
L -1451.7236, -1440.3835, -30.6762,  -1451.5610, -1459.7161, -30.7384,  0, 0, 240
L -1444.8573, -1414.3052, -30.7502,  -1451.7236, -1440.3835, -30.6762,  0, 0, 240
L -1441.4657, -1412.3251, -30.6071,  -1444.8573, -1414.3052, -30.7502,  0, 0, 240
L -1435.6119, -1404.4836, -30.5302,  -1441.4657, -1412.3251, -30.6071,  0, 0, 240
L -1424.8827, -1400.5520, -30.6739,  -1435.6119, -1404.4836, -30.5302,  0, 0, 240
L -1420.3168, -1398.1154, -30.5759,  -1424.8827, -1400.5520, -30.6739,  0, 0, 240
L -1411.3519, -1391.2947, -30.5620,  -1420.3168, -1398.1154, -30.5759,  0, 0, 240
L -1394.1345, -1387.7523, -30.7140,  -1411.3519, -1391.2947, -30.5620,  0, 0, 240
L -1380.4460, -1387.8712, -30.8104,  -1394.1345, -1387.7523, -30.7140,  0, 0, 240
L -1375.6443, -1385.3042, -30.5022,  -1380.4460, -1387.8712, -30.8104,  0, 0, 240
L -1359.2332, -1383.0673, -30.4339,  -1375.6443, -1385.3042, -30.5022,  0, 0, 240
L -1339.1486, -1379.6427, -30.6543,  -1359.2332, -1383.0673, -30.4339,  0, 0, 240
L -1322.8461, -1378.7970, -30.4451,  -1339.1486, -1379.6427, -30.6543,  0, 0, 240
L -1300.9225, -1383.7909, -30.7222,  -1322.8461, -1378.7970, -30.4451,  0, 0, 240
L -1291.3728, -1388.1732, -30.6265,  -1300.9225, -1383.7909, -30.7222,  0, 0, 240
L -1269.6713, -1397.3944, -30.5638,  -1291.3728, -1388.1732, -30.6265,  0, 0, 240
L -1260.7333, -1401.3086, -30.4853,  -1269.6713, -1397.3944, -30.5638,  0, 0, 240
L -1254.6471, -1405.4241, -30.5614,  -1260.7333, -1401.3086, -30.4853,  0, 0, 240
L -1240.0958, -1412.4717, -30.4675,  -1254.6471, -1405.4241, -30.5614,  0, 0, 240
L -1232.0074, -1419.0046, -30.6498,  -1240.0958, -1412.4717, -30.4675,  0, 0, 240
L -1227.2294, -1432.1996, -30.6580,  -1232.0074, -1419.0046, -30.6498,  0, 0, 240
L -1220.8032, -1443.4652, -30.3246,  -1227.2294, -1432.1996, -30.6580,  0, 0, 240
L -1213.1157, -1458.5511, -30.3825,  -1220.8032, -1443.4652, -30.3246,  0, 0, 240
L -1212.9799, -1479.2640, -30.5746,  -1213.1157, -1458.5511, -30.3825,  0, 0, 240
L -1214.5269, -1484.9080, -30.6158,  -1212.9799, -1479.2640, -30.5746,  0, 0, 240
L -1214.7639, -1519.0366, -30.5973,  -1214.5269, -1484.9080, -30.6158,  0, 0, 240
L -1213.1655, -1525.3840, -30.5199,  -1214.7639, -1519.0366, -30.5973,  0, 0, 240
L -1213.0331, -1538.3667, -30.5950,  -1213.1655, -1525.3840, -30.5199,  0, 0, 240
L -1208.2222, -1560.6849, -30.6630,  -1213.0331, -1538.3667, -30.5950,  0, 0, 240
L -1208.3990, -1571.0571, -30.7352,  -1208.2222, -1560.6849, -30.6630,  0, 0, 240
L -1211.0291, -1579.2556, -30.7409,  -1208.3990, -1571.0571, -30.7352,  0, 0, 240
L -1219.3357, -1592.1326, -30.6404,  -1211.0291, -1579.2556, -30.7409,  0, 0, 240
L -1221.7560, -1597.2483, -30.6496,  -1219.3357, -1592.1326, -30.6404,  0, 0, 240
L -1228.8536, -1610.7672, -30.6070,  -1221.7560, -1597.2483, -30.6496,  0, 0, 240
L -1239.2767, -1620.7603, -30.7429,  -1228.8536, -1610.7672, -30.6070,  0, 0, 240
L -1248.9025, -1628.4440, -30.5907,  -1239.2767, -1620.7603, -30.7429,  0, 0, 240
L -1276.4272, -1639.7841, -30.6693,  -1248.9025, -1628.4440, -30.5907,  0, 0, 240
L -1300.5924, -1651.5530, -30.7133,  -1276.4272, -1639.7841, -30.6693,  0, 0, 240
L -1323.3320, -1657.0502, -30.6976,  -1300.5924, -1651.5530, -30.7133,  0, 0, 240
L -1340.1794, -1657.0295, -30.7069,  -1323.3320, -1657.0502, -30.6976,  0, 0, 240
L -1344.5267, -1655.3447, -30.6901,  -1340.1794, -1657.0295, -30.7069,  0, 0, 240
L -1360.1709, -1651.5387, -30.5849,  -1344.5267, -1655.3447, -30.6901,  0, 0, 240
L -1375.3765, -1640.1700, -30.5748,  -1360.1709, -1651.5387, -30.5849,  0, 0, 240
L -1378.6093, -1638.1388, -30.6126,  -1375.3765, -1640.1700, -30.5748,  0, 0, 240
L -1392.6934, -1627.0985, -30.6492,  -1378.6093, -1638.1388, -30.6126,  0, 0, 240
L -1399.0316, -1622.8153, -30.6648,  -1392.6934, -1627.0985, -30.6492,  0, 0, 240
L -1419.5582, -1602.7587, -30.6194,  -1399.0316, -1622.8153, -30.6648,  0, 0, 240
L -1426.8340, -1593.1133, -30.6213,  -1419.5582, -1602.7587, -30.6194,  0, 0, 240
L -1437.4951, -1578.8743, -30.6981,  -1426.8340, -1593.1133, -30.6213,  0, 0, 240
L -1439.9076, -1567.3203, -30.6593,  -1437.4951, -1578.8743, -30.6981,  0, 0, 240
L -1441.3713, -1559.1659, -30.7564,  -1439.9076, -1567.3203, -30.6593,  0, 0, 240
L -1445.5536, -1539.3513, -30.5885,  -1441.3713, -1559.1659, -30.7564,  0, 0, 240
L -1445.3246, -1515.8165, -30.6858,  -1445.5536, -1539.3513, -30.5885,  0, 0, 240
L -1037.9856, 1104.6957, -31.1696,  -1028.6907, 1102.0017, -30.3895,  64, 64, 64
L -1035.7203, 1112.5067, -30.9582,  -1037.9856, 1104.6957, -31.1696,  64, 64, 64
L -1036.3907, 1116.5236, -27.7221,  -1035.7203, 1112.5067, -30.9582,  64, 64, 64
L -1040.7731, 1115.2794, -31.2962,  -1036.3907, 1116.5236, -27.7221,  64, 64, 64
L -1046.6335, 1096.9608, -30.4142,  -1040.7731, 1115.2794, -31.2962,  64, 64, 64
L -1047.5055, 1091.9399, -28.6012,  -1046.6335, 1096.9608, -30.4142,  64, 64, 64
L -1047.1829, 1089.6641, -29.6340,  -1047.5055, 1091.9399, -28.6012,  64, 64, 64
L -1044.0414, 1089.8384, -29.9669,  -1047.1829, 1089.6641, -29.6340,  64, 64, 64
L -1040.6403, 1090.3115, -30.3505,  -1044.0414, 1089.8384, -29.9669,  64, 64, 64
L -1037.3318, 1091.3683, -30.2532,  -1040.6403, 1090.3115, -30.3505,  64, 64, 64
L -1033.7926, 1094.0514, -30.1739,  -1037.3318, 1091.3683, -30.2532,  64, 64, 64
L -1030.6289, 1096.9915, -30.1628,  -1033.7926, 1094.0514, -30.1739,  64, 64, 64
L -1028.6907, 1102.0017, -30.3091,  -1030.6289, 1096.9915, -30.1710,  64, 64, 64
L -1004.1740, 1067.6542, -24.4058,  -998.8307, 1048.8363, -23.4184,  64, 64, 64
L -1023.8102, 1063.1113, -27.7140,  -1004.1740, 1067.6542, -24.8435,  64, 64, 64
L -1017.8030, 1043.8391, -25.7935,  -1023.8102, 1063.1113, -27.3279,  64, 64, 64
L -998.8307, 1048.8363, -23.6396,  -1017.8030, 1043.8391, -25.4236,  64, 64, 64
L -1003.6481, 894.5490, -22.6798,  -1004.7998, 900.1741, -22.9499,  64, 64, 64
L -991.8442, 894.5491, -22.3424,  -1003.6481, 894.5490, -22.3424,  64, 64, 64
L -991.8447, 887.9683, -22.3424,  -991.8442, 894.5491, -22.3424,  64, 64, 64
L -985.6463, 890.0011, -22.3860,  -991.8447, 887.9683, -22.3314,  64, 64, 64
L -988.2539, 905.6526, -22.3074,  -985.6463, 890.0011, -22.1730,  64, 64, 64
L -991.8445, 907.3026, -22.6430,  -988.2539, 905.6526, -22.4475,  64, 64, 64
L -991.8445, 900.1741, -22.7267,  -991.8445, 907.3026, -22.7267,  64, 64, 64
L -1004.7998, 900.1741, -23.2871,  -991.8445, 900.1741, -22.7267,  64, 64, 64
L -1027.9801, 967.1685, -19.6240,  -1032.4036, 967.2183, -19.6240,  64, 64, 64
L -1025.8445, 969.0080, -19.6240,  -1027.9801, 967.1685, -19.6240,  64, 64, 64
L -1027.5815, 985.1949, -21.5708,  -1025.8445, 969.0080, -19.6240,  64, 64, 64
L -1032.1890, 987.0286, -22.2919,  -1027.5815, 985.1949, -21.5708,  64, 64, 64
L -1034.3561, 986.5151, -22.0857,  -1032.1890, 987.0286, -22.2919,  64, 64, 64
L -1031.2402, 980.3632, -16.8889,  -1034.3561, 986.5151, -22.0857,  64, 64, 64
L -1039.7726, 980.3634, -19.6813,  -1031.2402, 980.3632, -16.8889,  64, 64, 64
L -1046.2469, 980.8032, -20.9737,  -1039.7726, 980.3634, -19.6813,  64, 64, 64
L -1046.0752, 977.6503, -20.8014,  -1046.2469, 980.8032, -20.9737,  64, 64, 64
L -1044.7479, 972.3997, -20.5414,  -1046.0752, 977.6503, -20.8014,  64, 64, 64
L -1040.3483, 971.0952, -19.6891,  -1044.7479, 972.3997, -20.5414,  64, 64, 64
L -1040.2350, 974.7380, -19.6669,  -1040.3483, 971.0952, -19.6891,  64, 64, 64
L -1032.8969, 974.7381, -19.6240,  -1040.2350, 974.7380, -19.6669,  64, 64, 64
L -1032.4036, 967.2183, -19.3088,  -1032.8969, 974.7381, -19.6240,  64, 64, 64
L -1052.9771, 893.6154, -22.6730,  -1053.8438, 913.4016, -24.8977,  64, 64, 64
L -1034.2866, 893.0353, -22.8278,  -1052.9771, 893.6154, -24.1719,  64, 64, 64
L -1031.5841, 911.1576, -22.7624,  -1034.2866, 893.0353, -22.9447,  64, 64, 64
L -1053.8438, 913.4016, -24.5833,  -1031.5841, 911.1576, -22.7669,  64, 64, 64
L -1063.7379, 946.6364, -20.9725,  -1100.1810, 944.1666, -27.6511,  64, 64, 64
L -1061.9603, 952.8827, -20.3309,  -1063.7379, 946.6364, -20.9011,  64, 64, 64
L -1072.0535, 952.8181, -20.3346,  -1061.9603, 952.8827, -20.3309,  64, 64, 64
L -1082.7018, 960.7432, -20.2023,  -1072.0535, 952.8181, -20.3346,  64, 64, 64
L -1081.8492, 962.1496, -20.1856,  -1082.7018, 960.7432, -20.2023,  64, 64, 64
L -1080.2769, 963.3398, -20.2475,  -1081.8492, 962.1496, -20.1856,  64, 64, 64
L -1063.3671, 964.3775, -20.4394,  -1080.2769, 963.3398, -20.2475,  64, 64, 64
L -1065.7880, 973.2300, -22.1296,  -1063.3671, 964.3775, -20.4394,  64, 64, 64
L -1071.0811, 981.8833, -23.3659,  -1065.7880, 973.2300, -21.9002,  64, 64, 64
L -1078.7627, 987.7234, -24.9808,  -1071.0811, 981.8833, -24.0884,  64, 64, 64
L -1099.0906, 983.2796, -25.5284,  -1078.7627, 987.7234, -25.6824,  64, 64, 64
L -1096.9758, 960.6302, -22.3927,  -1099.0906, 983.2796, -25.4462,  64, 64, 64
L -1100.1810, 944.1666, -25.8154,  -1096.9758, 960.6302, -22.3927,  64, 64, 64
L -1270.1764, 991.1666, 1.6672,  -1213.4602, 961.7402, -10.7006,  64, 64, 64
L -1272.7452, 986.1627, 2.8954,  -1270.1764, 991.1666, 2.1652,  64, 64, 64
L -1263.2031, 981.2103, -0.6999,  -1272.7452, 986.1627, 2.2736,  64, 64, 64
L -1241.7177, 970.0642, -5.5378,  -1263.2031, 981.2103, -0.6999,  64, 64, 64
L -1256.5228, 941.5098, -0.6359,  -1241.7177, 970.0642, -5.5378,  64, 64, 64
L -1266.6713, 921.8495, 2.7930,  -1256.5228, 941.5098, -0.6359,  64, 64, 64
L -1264.8586, 913.2490, 4.6322,  -1266.6713, 921.8495, 4.4336,  64, 64, 64
L -1253.1786, 935.7579, -1.3377,  -1264.8586, 913.2490, 3.3831,  64, 64, 64
L -1236.7247, 967.4737, -6.5232,  -1253.1786, 935.7579, -1.3377,  64, 64, 64
L -1216.0161, 956.7293, -10.1214,  -1236.7247, 967.4737, -6.5232,  64, 64, 64
L -1215.2119, 958.1272, -10.4911,  -1216.0161, 956.7293, -10.4363,  64, 64, 64
L -1213.4602, 961.7402, -11.0398,  -1214.1254, 960.2548, -11.0030,  64, 64, 64
L -1214.9941, 960.7054, -10.7854,  -1214.1254, 960.2548, -10.8957,  64, 64, 64
L -1216.1511, 958.6301, -10.4038,  -1215.2119, 958.1272, -10.5118,  64, 64, 64
L -1214.9946, 960.7057, -10.7853,  -1216.1511, 958.6301, -10.4038,  64, 64, 64
L -1249.6021, 1031.1881, -3.9245,  -1251.5234, 1025.8394, -3.8817,  64, 64, 64
L -1246.0366, 1029.3383, -5.1614,  -1249.6021, 1031.1881, -4.2445,  64, 64, 64
L -1202.1750, 1006.5815, -15.2661,  -1246.0366, 1029.3383, -5.1614,  64, 64, 64
L -1155.7131, 982.4754, -15.7574,  -1202.1750, 1006.5815, -15.2661,  64, 64, 64
L -1183.1865, 929.5200, -15.9650,  -1155.7131, 982.4754, -15.9599,  64, 64, 64
L -1191.9750, 912.5807, -13.1684,  -1183.1865, 929.5200, -15.9650,  64, 64, 64
L -1222.3016, 854.1335, -5.5106,  -1191.9750, 912.5807, -13.1684,  64, 64, 64
L -1227.3848, 844.3365, -2.2535,  -1218.5681, 861.3281, -8.0629,  64, 64, 64
L -1246.5437, 854.2769, 2.5459,  -1227.3848, 844.3365, -1.1878,  64, 64, 64
L -1246.4734, 860.5682, 4.6682,  -1246.5437, 854.2769, 4.6525,  64, 64, 64
L -1229.7872, 851.9200, -1.4056,  -1246.4734, 860.5682, 3.6436,  64, 64, 64
L -1221.1177, 868.6320, -7.3928,  -1229.7872, 851.9200, -1.4056,  64, 64, 64
L -1196.5677, 915.9478, -12.4470,  -1221.1177, 868.6320, -7.3928,  64, 64, 64
L -1188.6937, 931.1234, -15.3065,  -1196.5677, 915.9478, -12.4470,  64, 64, 64
L -1184.0210, 940.1292, -15.3318,  -1188.6937, 931.1234, -15.3065,  64, 64, 64
L -1192.1809, 944.3627, -15.2117,  -1184.0210, 940.1292, -15.3318,  64, 64, 64
L -1204.5477, 950.7792, -11.9495,  -1192.1809, 944.3627, -15.2117,  64, 64, 64
L -1203.8788, 952.2628, -12.0615,  -1204.5477, 950.7792, -11.9896,  64, 64, 64
L -1202.8528, 951.7304, -12.3346,  -1203.8788, 952.2628, -12.2704,  64, 64, 64
L -1201.8081, 953.8641, -12.7464,  -1202.7783, 954.3674, -12.6781,  64, 64, 64
L -1202.9287, 951.7698, -12.3235,  -1201.8121, 953.8661, -12.7458,  64, 64, 64
L -1202.7783, 954.3674, -12.6923,  -1201.5784, 955.5756, -12.8718,  64, 64, 64
L -1193.5101, 951.3895, -15.3318,  -1201.5784, 955.5756, -13.0305,  64, 64, 64
L -1181.4305, 945.1221, -15.3318,  -1193.5101, 951.3895, -15.3318,  64, 64, 64
L -1163.2969, 980.0731, -15.3318,  -1181.4305, 945.1221, -15.3318,  64, 64, 64
L -1199.9797, 999.1047, -15.3318,  -1163.2969, 980.0731, -15.3318,  64, 64, 64
L -1233.6580, 1016.5786, -9.0426,  -1199.9797, 999.1047, -15.3318,  64, 64, 64
L -1251.5234, 1025.8394, -5.3672,  -1233.6580, 1016.5786, -9.0426,  64, 64, 64
L 73.6895, -30.3438, -47.2490,  83.0979, -30.3437, -47.2490,  64, 64, 64
L 72.1092, -47.7187, -47.2490,  83.1597, -47.7187, -47.2490,  64, 64, 64
L -364.9062, 1960.3118, -11.7867,  -359.4032, 1960.3967, -19.3760,  64, 64, 64
L -359.4032, 1960.3967, -19.3760,  -349.6747, 1960.3126, -22.4150,  64, 64, 64
L -349.6747, 1960.3126, -22.4150,  -341.3844, 1960.3125, -19.7157,  64, 64, 64
L -341.3844, 1960.3125, -19.7157,  -335.0938, 1960.3125, -11.7868,  64, 64, 64
L -369.6875, 1954.6875, -22.5927,  -270.3125, 1954.6875, -22.5927,  64, 64, 64
L -270.3125, 1954.6875, -22.5927,  -270.3125, 1935.3125, -22.5927,  64, 64, 64
L -270.3125, 1935.3125, -22.5927,  -280.0409, 1935.3125, -22.5927,  64, 64, 64
L -280.0409, 1935.3125, -22.5927,  -285.1618, 1933.9363, -22.5927,  64, 64, 64
L -285.1618, 1933.9363, -22.5927,  -288.9363, 1930.1617, -22.5927,  64, 64, 64
L -288.9363, 1930.1617, -22.5927,  -290.3235, 1924.9998, -22.5927,  64, 64, 64
L -290.3235, 1924.9998, -22.5927,  -288.9363, 1919.8380, -22.5927,  64, 64, 64
L -288.9363, 1919.8380, -22.5927,  -285.1619, 1916.0637, -22.5927,  64, 64, 64
L -285.1619, 1916.0637, -22.5927,  -280.0408, 1914.6871, -22.5927,  64, 64, 64
L -280.0408, 1914.6871, -22.5927,  -270.3125, 1914.6874, -22.5927,  64, 64, 64
L -270.3125, 1914.6874, -22.5927,  -270.3125, 1895.3125, -22.5927,  64, 64, 64
L -270.3125, 1895.3125, -22.5927,  -280.0392, 1895.3124, -22.5927,  64, 64, 64
L -280.0392, 1895.3124, -22.5927,  -285.1649, 1893.9332, -22.5927,  64, 64, 64
L -285.1649, 1893.9332, -22.5927,  -288.9364, 1890.1616, -22.5927,  64, 64, 64
L -288.9364, 1890.1616, -22.5927,  -290.3235, 1884.9999, -22.5927,  64, 64, 64
L -288.9363, 1879.8380, -22.5927,  -290.3235, 1884.9999, -22.5927,  64, 64, 64
L -288.9363, 1879.8380, -22.5927,  -285.1542, 1876.0559, -22.5927,  64, 64, 64
L -285.1542, 1876.0559, -22.5927,  -279.9702, 1874.6871, -22.5927,  64, 64, 64
L -279.9702, 1874.6871, -22.5927,  -270.3125, 1874.6874, -22.5927,  64, 64, 64
L -270.3125, 1874.6874, -22.5927,  -270.3125, 1815.3125, -22.5927,  64, 64, 64
L -270.3125, 1815.3125, -22.5927,  -300.3125, 1815.3125, -22.5927,  64, 64, 64
L -300.3125, 1815.3125, -22.5927,  -300.3125, 1810.3125, -22.5927,  64, 64, 64
L -300.3125, 1810.3125, -22.5927,  -339.6875, 1810.3114, -22.5927,  64, 64, 64
L -339.6875, 1810.3114, -22.5927,  -339.6875, 1815.3125, -22.5927,  64, 64, 64
L -339.6875, 1815.3125, -22.5927,  -369.6875, 1815.3109, -22.5927,  64, 64, 64
L -369.6875, 1815.3109, -22.5927,  -369.6875, 1874.6874, -22.5927,  64, 64, 64
L -369.6875, 1874.6874, -22.5927,  -359.9591, 1874.6874, -22.5927,  64, 64, 64
L -359.9591, 1874.6874, -22.5927,  -354.8382, 1876.0634, -22.5927,  64, 64, 64
L -354.8382, 1876.0634, -22.5927,  -351.0636, 1879.8380, -22.5927,  64, 64, 64
L -351.0636, 1879.8380, -22.5927,  -349.6764, 1884.9998, -22.5927,  64, 64, 64
L -349.6764, 1884.9998, -22.5927,  -351.0636, 1890.1617, -22.5927,  64, 64, 64
L -351.0636, 1890.1617, -22.5927,  -354.8263, 1893.9244, -22.5927,  64, 64, 64
L -354.8263, 1893.9244, -22.5927,  -359.9587, 1895.3125, -22.5927,  64, 64, 64
L -359.9587, 1895.3125, -22.5927,  -369.6875, 1895.3125, -22.5927,  64, 64, 64
L -369.6875, 1895.3125, -22.5927,  -369.6874, 1914.6874, -22.5927,  64, 64, 64
L -369.6874, 1914.6874, -22.5927,  -359.9586, 1914.6874, -22.5927,  64, 64, 64
L -359.9586, 1914.6874, -22.5927,  -354.8382, 1916.0634, -22.5927,  64, 64, 64
L -354.8382, 1916.0634, -22.5927,  -351.0636, 1919.8380, -22.5927,  64, 64, 64
L -351.0636, 1919.8380, -22.5927,  -349.6764, 1924.9998, -22.5927,  64, 64, 64
L -349.6764, 1924.9998, -22.5927,  -351.0637, 1930.1619, -22.5927,  64, 64, 64
L -351.0637, 1930.1619, -22.5927,  -354.8382, 1933.9363, -22.5927,  64, 64, 64
L -354.8382, 1933.9363, -22.5927,  -359.9589, 1935.3125, -22.5927,  64, 64, 64
L -359.9589, 1935.3125, -22.5927,  -369.6875, 1935.3125, -22.5927,  64, 64, 64
L -369.6875, 1935.3125, -22.5927,  -369.6875, 1954.6874, -22.5927,  64, 64, 64
L -361.2009, 1954.6875, -16.2521,  -361.3942, 1960.3660, -16.0959,  64, 64, 64
L -342.0625, 1954.6875, -16.5302,  -342.0625, 1960.3125, -16.5302,  64, 64, 64
L -329.3124, 1931.3131, -22.5927,  -329.3127, 1878.6864, -22.5927,  64, 64, 64
L -329.3127, 1878.6864, -22.5927,  -310.6867, 1878.6870, -22.5927,  64, 64, 64
L -310.6867, 1878.6870, -22.5927,  -310.6868, 1931.3131, -22.5927,  64, 64, 64
L -310.6868, 1931.3131, -22.5927,  -329.3124, 1931.3131, -22.5927,  64, 64, 64
L -300.3125, 1810.3124, -20.5927,  -300.3125, 1744.9688, 5.4072,  64, 64, 64
L -300.3125, 1744.9688, 5.4072,  -339.6875, 1744.9688, 5.4072,  64, 64, 64
L -339.6875, 1744.9688, 5.4072,  -339.6875, 1810.3113, -20.5927,  64, 64, 64
L -339.6875, 1805.6563, -20.5927,  -300.3125, 1805.6563, -20.5927,  64, 64, 64
L -339.6875, 1749.6539, 3.4072,  -300.3125, 1749.6563, 3.4072,  64, 64, 64
L -300.3125, 1754.3125, 1.4072,  -339.6875, 1754.3112, 1.4072,  64, 64, 64
L -339.6875, 1758.9679, -0.5928,  -300.3125, 1758.9688, -0.5928,  64, 64, 64
L -300.3125, 1763.6563, -2.5927,  -339.6875, 1763.6563, -2.5927,  64, 64, 64
L -339.6875, 1768.3125, -4.5927,  -300.3125, 1768.3124, -4.5927,  64, 64, 64
L -300.3125, 1772.9688, -6.5928,  -339.6875, 1772.9677, -6.5928,  64, 64, 64
L -339.6875, 1777.6563, -8.5927,  -300.3125, 1777.6563, -8.5927,  64, 64, 64
L -300.3125, 1782.3125, -10.5927,  -339.6875, 1782.3124, -10.5927,  64, 64, 64
L -339.6875, 1786.9678, -12.5927,  -300.3125, 1786.9688, -12.5927,  64, 64, 64
L -300.3125, 1791.6563, -14.5927,  -339.6875, 1791.6563, -14.5927,  64, 64, 64
L -339.6875, 1796.3125, -16.5927,  -300.3125, 1796.3125, -16.5927,  64, 64, 64
L -300.3125, 1800.9688, -18.5927,  -339.6875, 1800.9688, -18.5927,  64, 64, 64
L -300.3125, 1744.9686, 7.4335,  -300.3125, 1739.6873, 7.4960,  64, 64, 64
L -339.6875, 1744.9686, 7.4238,  -339.6875, 1739.6873, 7.4980,  64, 64, 64
L -300.3125, 1739.6873, 6.8398,  -339.6875, 1739.6873, 7.0386,  64, 64, 64
L -339.6875, 1739.6871, 7.9418,  -350.3124, 1739.6874, 10.0749,  64, 64, 64
L -350.3124, 1740.0847, 10.6516,  -358.7786, 1740.3859, 13.5523,  64, 64, 64
L -358.7786, 1740.3859, 13.5523,  -369.4394, 1740.5321, 14.9364,  64, 64, 64
L -369.4394, 1740.5321, 16.5198,  -368.1797, 1758.2546, 29.4247,  64, 64, 64
L -368.1797, 1758.2546, 29.9804,  -352.0106, 1758.2693, 29.3825,  64, 64, 64
L -350.3124, 1745.1249, 20.3549,  -352.0106, 1758.2693, 30.4963,  64, 64, 64
L -350.3124, 1739.6874, 24.3051,  -350.3126, 1775.0789, 35.2357,  64, 64, 64
L -350.3126, 1775.0789, 47.7013,  -313.3136, 1775.0500, 47.8069,  64, 64, 64
L -313.3136, 1775.0500, 47.8069,  -299.1683, 1773.3831, 47.6260,  64, 64, 64
L -299.1683, 1773.3831, 47.6260,  -289.6874, 1772.8829, 47.6984,  64, 64, 64
L -289.6874, 1739.6874, 30.7918,  -289.6874, 1772.8829, 44.4662,  64, 64, 64
L -289.4532, 1740.1143, 23.0300,  -288.0297, 1758.2450, 27.6651,  64, 64, 64
L -288.0297, 1758.2450, 31.1396,  -272.0199, 1758.2224, 32.2497,  64, 64, 64
L -272.0199, 1758.2224, 29.0829,  -270.6908, 1740.6581, 18.4545,  64, 64, 64
L -270.6908, 1740.6581, 15.4963,  -289.4532, 1740.1143, 12.0745,  64, 64, 64
L -289.6874, 1739.6874, 9.6599,  -300.3125, 1739.6871, 7.1813,  64, 64, 64
L -269.0660, 1797.8241, 88.5088,  -257.4853, 1794.0759, 86.7794,  64, 64, 64
L -257.4853, 1794.0759, 86.7794,  -136.9554, 1755.0997, 28.1153,  64, 64, 64
L -136.9554, 1755.0997, 28.1153,  43.4689, 1754.9594, 49.8801,  64, 64, 64
L 43.4689, 1754.9594, 49.8801,  174.1165, 1766.6907, 51.9615,  64, 64, 64
L 174.1165, 1766.6907, 51.9615,  284.1041, 1781.2590, 50.3232,  64, 64, 64
L 284.1041, 1781.2590, 50.3232,  376.1799, 1794.5173, 55.2429,  64, 64, 64
L 376.1799, 1794.5173, 55.2429,  472.3806, 1801.3392, 73.1125,  64, 64, 64
L 472.3806, 1801.3392, 73.1125,  555.1556, 1796.2375, 87.6085,  64, 64, 64
L 555.1556, 1796.2375, 87.6085,  638.9948, 1790.7445, 103.1198,  64, 64, 64
L 638.9948, 1790.7445, 103.1198,  717.4373, 1793.5541, 115.1607,  64, 64, 64
L 717.4373, 1793.5541, 115.1607,  822.4556, 1802.5566, 133.8990,  64, 64, 64
L 822.4556, 1802.5566, 133.8990,  983.5286, 1826.9801, 113.0681,  64, 64, 64
L 983.5286, 1826.9801, 113.0681,  996.6757, 1828.0034, 123.7073,  64, 64, 64
L 996.6757, 1828.0034, 123.7073,  1023.7683, 1828.3607, 146.6216,  64, 64, 64
L 1023.7683, 1828.3607, 146.6216,  1089.6171, 1817.9651, 158.4062,  64, 64, 64
L 1089.6171, 1817.9651, 158.4062,  1186.1475, 1814.8969, 150.4977,  64, 64, 64
L 1186.1475, 1814.8969, 150.4977,  1298.5095, 1821.9752, 131.8783,  64, 64, 64
L 1298.5095, 1821.9752, 131.8783,  1391.9297, 1829.6768, 116.3577,  64, 64, 64
L 1391.9297, 1829.6768, 116.3577,  1463.7083, 1832.4011, 115.1481,  64, 64, 64
L 1463.7083, 1832.4011, 115.1481,  1500.2506, 1832.4039, 127.5582,  64, 64, 64
L 1500.2506, 1832.4039, 127.5582,  1604.3177, 1837.5935, 122.9506,  64, 64, 64
L 1604.3177, 1837.5935, 122.9506,  1665.8055, 1835.5696, 126.9188,  64, 64, 64
L 1665.8055, 1835.5696, 126.9188,  1727.2987, 1800.4365, 90.1485,  64, 64, 64
L 1727.2987, 1800.4365, 90.1485,  1768.6420, 1776.8114, 95.9640,  64, 64, 64
L 1768.6420, 1776.8114, 95.9640,  1834.4907, 1748.7654, 53.0729,  64, 64, 64
L 1834.4907, 1748.7654, 53.0729,  1838.4165, 1734.4435, 40.7172,  64, 64, 64
L 1838.4165, 1734.4435, 40.7172,  1852.6724, 1682.3507, -2.4284,  64, 64, 64
L 1852.6724, 1682.3507, -2.4284,  1853.5566, 1679.1226, -3.3948,  64, 64, 64
L 1853.5566, 1679.1226, -3.3948,  1854.5690, 1675.4233, -4.7403,  64, 64, 64
L 1854.5690, 1675.4233, -4.7403,  1851.2419, 1670.0250, -4.2944,  64, 64, 64
L 1851.2419, 1670.0250, -4.2944,  1845.5582, 1660.8029, -6.2313,  64, 64, 64
L 1845.5582, 1660.8029, -6.2313,  1840.6825, 1652.8916, -7.3767,  64, 64, 64
L 1840.6825, 1652.8916, -7.3767,  1832.9296, 1640.3186, -9.0623,  64, 64, 64
L 1832.9296, 1640.3186, -9.0623,  1819.8527, 1640.3235, -7.8881,  64, 64, 64
L 1819.8527, 1640.3235, -8.1602,  1819.8842, 1620.2914, -13.5070,  64, 64, 64
L 1819.8842, 1620.2914, -13.5070,  1799.8538, 1620.3165, -13.6428,  64, 64, 64
L 1799.8538, 1620.3165, -14.0003,  1799.8538, 1606.3827, -16.4408,  64, 64, 64
L 1779.8555, 1564.3536, -19.6240,  1771.8038, 1574.1503, -19.6240,  64, 64, 64
L 1771.8038, 1574.1503, -19.6240,  1771.6329, 1577.8920, -18.4210,  64, 64, 64
L 1771.6329, 1577.8920, -18.4210,  1774.8163, 1595.1373, -19.6240,  64, 64, 64
L 1774.8163, 1595.1373, -19.6240,  1787.6539, 1606.0446, -17.7029,  64, 64, 64
L 1787.6539, 1606.0446, -17.7029,  1796.1163, 1606.7894, -16.7272,  64, 64, 64
L 1796.1163, 1606.7894, -16.7272,  1799.8630, 1606.3605, -16.3818,  64, 64, 64
L 1779.7819, 1564.4803, -19.6240,  1779.7839, 1542.4004, -19.6080,  64, 64, 64
L 1782.5122, 1537.3292, -19.6201,  1788.5411, 1531.2999, -19.6240,  64, 64, 64
L 1788.5411, 1531.2999, -19.6240,  1799.7224, 1495.0771, -19.6240,  64, 64, 64
L 1799.7224, 1495.0771, -19.6240,  1799.7819, 1481.7146, -19.6240,  64, 64, 64
L 1800.2622, 1479.2401, -19.6240,  1825.5529, 1454.3605, -19.6240,  64, 64, 64
L 1825.5529, 1454.3605, -19.6240,  1828.3191, 1449.9999, -19.6240,  64, 64, 64
L 1828.3191, 1449.9999, -19.6240,  1824.1915, 1447.6394, -19.1745,  64, 64, 64
L 1824.1915, 1447.6394, -19.1745,  1821.2863, 1442.0117, -19.6240,  64, 64, 64
L 1821.2863, 1442.0117, -19.6240,  1821.1643, 1438.2275, -19.6240,  64, 64, 64
L 1821.1643, 1438.2275, -19.6240,  1822.2529, 1433.3950, -19.6240,  64, 64, 64
L 1822.2529, 1433.3950, -19.6240,  1823.3667, 1432.5018, -19.6240,  64, 64, 64
L 1823.3667, 1432.5018, -19.6240,  1819.5574, 1430.0540, -19.6240,  64, 64, 64
L 1819.5574, 1430.0540, -19.6240,  1816.8197, 1427.5806, -19.6240,  64, 64, 64
L 1816.8197, 1427.5806, -19.6240,  1810.0353, 1420.0948, -19.6240,  64, 64, 64
L 1810.0353, 1420.0948, -19.6240,  1814.4467, 1412.8959, -19.6240,  64, 64, 64
L 1814.4467, 1412.8959, -19.6240,  1828.4141, 1400.8994, -19.6240,  64, 64, 64
L 1828.4141, 1400.8994, -19.6240,  1832.7756, 1398.1626, -19.6240,  64, 64, 64
L 1832.7756, 1398.1626, -19.6240,  1841.5702, 1393.9819, -19.6240,  64, 64, 64
L 1841.5702, 1393.9819, -19.6240,  1847.8267, 1394.7338, -19.6240,  64, 64, 64
L 1847.8267, 1394.7338, -19.6240,  1856.6951, 1396.9197, -19.6240,  64, 64, 64
L 1856.6951, 1396.9197, -19.6240,  1859.8684, 1399.7921, -19.5402,  64, 64, 64
L 1859.8684, 1399.7921, -19.5402,  1859.8464, 1351.1873, -19.6240,  64, 64, 64
L 1859.8464, 1351.1873, -19.6240,  1857.8525, 1337.5247, -19.6240,  64, 64, 64
L 1857.8525, 1337.5247, -19.6240,  1855.3717, 1338.7120, -19.6240,  64, 64, 64
L 1855.3717, 1338.7120, -19.6240,  1848.9211, 1337.4431, -19.6240,  64, 64, 64
L 1848.9211, 1337.4431, -19.6240,  1843.6945, 1332.5564, -19.6240,  64, 64, 64
L 1843.6945, 1332.5564, -19.6240,  1841.9198, 1324.6469, -19.6219,  64, 64, 64
L 1841.9198, 1324.6469, -19.6219,  1829.6862, 1315.9296, -19.6240,  64, 64, 64
L 1829.6862, 1315.9296, -19.6240,  1825.6033, 1302.3467, -19.6240,  64, 64, 64
L 1825.6033, 1302.3467, -19.6240,  1830.0815, 1286.7286, -19.6240,  64, 64, 64
L 1830.0815, 1286.7286, -19.6240,  1833.0906, 1284.6093, -19.1497,  64, 64, 64
L 1833.0906, 1284.6093, -19.1497,  1829.6713, 1274.4296, -19.0316,  64, 64, 64
L 1829.6713, 1274.4296, -19.0316,  1832.4458, 1261.9277, -19.6240,  64, 64, 64
L 1832.4458, 1261.9277, -19.6240,  1839.8555, 1254.6401, -19.6240,  64, 64, 64
L 1839.8555, 1254.6401, -19.6240,  1839.8555, 1225.9590, -19.6240,  64, 64, 64
L 1839.8555, 1225.9590, -19.6240,  1836.0182, 1228.8732, -19.6240,  64, 64, 64
L 1836.0182, 1228.8732, -19.6240,  1829.7380, 1228.3525, -19.6240,  64, 64, 64
L 1829.7380, 1228.3525, -19.6240,  1825.7947, 1225.7427, -19.6240,  64, 64, 64
L 1825.7947, 1225.7427, -19.6240,  1822.9231, 1219.8741, -19.6240,  64, 64, 64
L 1822.9231, 1219.8741, -19.6240,  1823.4840, 1216.1002, -19.6240,  64, 64, 64
L 1823.4840, 1216.1002, -19.6240,  1815.6945, 1209.7983, -19.6240,  64, 64, 64
L 1815.6945, 1209.7983, -19.6240,  1811.6490, 1204.9712, -19.6240,  64, 64, 64
L 1811.6490, 1204.9712, -19.6240,  1809.5104, 1198.2936, -19.6240,  64, 64, 64
L 1809.5104, 1198.2936, -19.6240,  1808.2842, 1194.1858, -19.6240,  64, 64, 64
L 1808.2842, 1194.1858, -19.6240,  1808.2740, 1190.1603, -19.6240,  64, 64, 64
L 1808.2740, 1190.1603, -19.6240,  1811.0737, 1185.7073, -19.6240,  64, 64, 64
L 1811.0737, 1185.7073, -19.6240,  1812.6357, 1183.1819, -19.6240,  64, 64, 64
L 1812.6357, 1183.1819, -19.6240,  1808.6930, 1181.2094, -19.6233,  64, 64, 64
L 1808.6930, 1181.2094, -19.6233,  1805.0334, 1175.0278, -19.6232,  64, 64, 64
L 1805.0334, 1175.0278, -19.6232,  1805.2825, 1168.9943, -19.6240,  64, 64, 64
L 1805.2825, 1168.9943, -19.6240,  1805.7067, 1165.8381, -19.6240,  64, 64, 64
L 1805.7067, 1165.8381, -19.6240,  1807.2805, 1165.4595, -19.2060,  64, 64, 64
L 1807.2805, 1165.4595, -19.2060,  1804.0829, 1164.1038, -19.6240,  64, 64, 64
L 1804.0829, 1164.1038, -19.6240,  1801.7832, 1162.6774, -19.6240,  64, 64, 64
L 1801.7832, 1162.6774, -19.6240,  1797.7627, 1157.2217, -19.6240,  64, 64, 64
L 1797.7627, 1157.2217, -19.6240,  1795.2028, 1152.3060, -19.6240,  64, 64, 64
L 1795.2028, 1152.3060, -19.6240,  1794.3817, 1145.6339, -19.6240,  64, 64, 64
L 1794.3817, 1145.6339, -19.6240,  1795.4545, 1139.4584, -19.6240,  64, 64, 64
L 1795.4545, 1139.4584, -19.6240,  1796.4235, 1135.9900, -19.6240,  64, 64, 64
L 1796.4235, 1135.9900, -19.6240,  1799.8555, 1128.9435, -19.6240,  64, 64, 64
L 1799.8555, 1128.9435, -19.6240,  1799.8555, 1079.0103, -19.6208,  64, 64, 64
L 1799.8555, 1079.0103, -19.6208,  1793.2662, 1079.5288, -19.6240,  64, 64, 64
L 1793.2662, 1079.5288, -19.6240,  1779.7623, 1071.4996, -19.4571,  64, 64, 64
L 1779.7623, 1071.4996, -19.4571,  1773.3129, 1056.3344, -19.6240,  64, 64, 64
L 1773.3129, 1056.3344, -19.6240,  1774.5068, 1053.4082, -19.1248,  64, 64, 64
L 1774.5068, 1053.4082, -19.1248,  1764.1735, 1047.3800, -19.6240,  64, 64, 64
L 1764.1735, 1047.3800, -19.6240,  1760.4869, 1039.0923, -19.4526,  64, 64, 64
L 1760.4869, 1039.0923, -19.4526,  1760.0170, 1036.5623, -18.8990,  64, 64, 64
L 1760.0170, 1036.5623, -18.8990,  1762.5756, 1027.1511, -17.3073,  64, 64, 64
L 1762.5756, 1027.1511, -17.3073,  1764.6101, 1023.7269, -16.8334,  64, 64, 64
L 1764.6101, 1023.7269, -16.8334,  1771.9315, 1017.7821, -16.3809,  64, 64, 64
L 1771.9315, 1017.7821, -16.3809,  1777.2731, 1016.4155, -16.6323,  64, 64, 64
L 1777.2731, 1016.4155, -16.6323,  1784.9446, 1015.4700, -17.6631,  64, 64, 64
L 1784.9446, 1015.4700, -17.6631,  1788.8948, 1017.9775, -18.3047,  64, 64, 64
L 1788.8948, 1017.9775, -18.3047,  1794.0933, 1021.0960, -18.9783,  64, 64, 64
L 1794.0933, 1021.0960, -18.9783,  1797.1687, 1026.5439, -19.6240,  64, 64, 64
L 1797.1687, 1026.5439, -19.6240,  1799.0776, 1031.1183, -18.7661,  64, 64, 64
L 1799.0776, 1031.1183, -18.7661,  1799.8560, 1028.7341, -19.6198,  64, 64, 64
L 1799.8560, 1028.7341, -19.6198,  1799.8557, 1020.4880, -19.6221,  64, 64, 64
L 1799.8557, 1020.4880, -19.6221,  1805.1731, 1014.7723, -19.5889,  64, 64, 64
L 1805.1731, 1014.7723, -19.5889,  1803.4135, 1013.2285, -19.2705,  64, 64, 64
L 1803.4135, 1013.2285, -19.2705,  1801.7183, 1007.1062, -18.4879,  64, 64, 64
L 1801.7183, 1007.1062, -18.4879,  1803.1899, 1000.3315, -17.9651,  64, 64, 64
L 1803.1899, 1000.3315, -17.9651,  1799.4803, 1000.1656, -17.5424,  64, 64, 64
L 1799.4803, 1000.1656, -17.5424,  1798.9369, 938.2053, -9.4926,  64, 64, 64
L 1798.9369, 938.2053, -9.4926,  1816.3813, 923.5443, -14.6169,  64, 64, 64
L 1816.3813, 923.5443, -14.6169,  1817.2339, 915.6099, -15.3167,  64, 64, 64
L 1817.2339, 915.6099, -15.3167,  1819.8635, 877.8319, -19.5735,  64, 64, 64
L 1819.8635, 877.8319, -19.5735,  1819.8560, 811.9606, -19.6220,  64, 64, 64
L 1819.8560, 811.9606, -19.6220,  1807.9735, 811.7949, -19.6240,  64, 64, 64
L 1807.9735, 811.7949, -19.6240,  1801.3657, 811.3564, -19.6240,  64, 64, 64
L 1801.3657, 811.3564, -19.6240,  1797.5342, 810.2723, -19.6240,  64, 64, 64
L 1797.5342, 810.2723, -19.6240,  1794.1844, 808.1128, -19.6240,  64, 64, 64
L 1794.1844, 808.1128, -19.6240,  1798.5756, 797.9927, -19.6240,  64, 64, 64
L 1798.5756, 797.9927, -19.6240,  1803.2938, 788.5358, -19.6240,  64, 64, 64
L 1803.2938, 788.5358, -19.6240,  1808.5811, 781.1663, -19.6240,  64, 64, 64
L 1808.5811, 781.1663, -19.6240,  1813.9900, 774.2246, -19.6240,  64, 64, 64
L 1813.9900, 774.2246, -19.6240,  1819.4479, 769.0938, -19.6240,  64, 64, 64
L 1819.4479, 769.0938, -19.6240,  1819.8630, 762.3958, -19.5733,  64, 64, 64
L 1819.8630, 762.3958, -19.5733,  1819.6814, 708.2842, -19.6240,  64, 64, 64
L 1819.6814, 708.2842, -19.6240,  1817.9685, 700.7928, -19.6240,  64, 64, 64
L 1817.9685, 700.7928, -19.6240,  1815.6226, 690.5333, -19.6240,  64, 64, 64
L 1815.6226, 690.5333, -19.6240,  1811.9332, 674.3990, -19.6240,  64, 64, 64
L 1811.9332, 674.3990, -19.6240,  1807.0969, 653.2482, -19.6240,  64, 64, 64
L 1807.0969, 653.2482, -19.6240,  1802.5748, 633.4705, -19.6240,  64, 64, 64
L 1802.5748, 633.4705, -19.6240,  1801.4181, 628.7917, -19.6240,  64, 64, 64
L 1801.4181, 628.7917, -19.6240,  1795.3717, 601.9640, -19.6240,  64, 64, 64
L 1795.3717, 601.9640, -19.6240,  1790.4232, 580.3215, -19.5595,  64, 64, 64
L 1790.4232, 580.3215, -19.5595,  1741.5663, 580.3283, -19.5992,  64, 64, 64
L 1741.5663, 580.3283, -19.5992,  1737.5657, 591.2726, -19.6238,  64, 64, 64
L 1737.5657, 591.2726, -19.6238,  1735.6039, 594.7919, -19.6240,  64, 64, 64
L 1735.6039, 594.7919, -19.6240,  1732.2028, 597.1667, -19.6240,  64, 64, 64
L 1732.2028, 597.1667, -19.6240,  1726.5319, 598.7565, -18.2877,  64, 64, 64
L 1726.5319, 598.7565, -18.2877,  1720.1978, 598.9617, -19.6240,  64, 64, 64
L 1720.1978, 598.9617, -19.6240,  1710.1819, 594.9107, -18.6568,  64, 64, 64
L 1710.1819, 594.9107, -18.6568,  1706.8394, 593.6108, -18.3277,  64, 64, 64
L 1706.8394, 593.6108, -18.3277,  1698.9957, 579.7635, -19.6240,  64, 64, 64
L 1698.9957, 579.7635, -19.6240,  1697.2191, 574.0904, -19.6240,  64, 64, 64
L 1697.2191, 574.0904, -19.6240,  1694.7095, 573.9983, -19.6240,  64, 64, 64
L 1694.7095, 573.9983, -19.6240,  1661.1174, 560.3320, -19.6234,  64, 64, 64
L 1661.1174, 560.3320, -19.6234,  1619.8711, 560.3151, -19.6240,  64, 64, 64
L 1619.8711, 560.3151, -19.6240,  1619.8601, 550.9139, -19.5947,  64, 64, 64
L 1619.8601, 550.9139, -19.5947,  1576.7365, 480.9636, -19.7548,  64, 64, 64
L 1576.7365, 480.9636, -19.7548,  1539.8595, 406.7079, -19.5952,  64, 64, 64
L 1539.8595, 406.7079, -19.5952,  1539.8556, 377.3376, -19.6231,  64, 64, 64
L 1539.8556, 377.3376, -19.6231,  1519.8563, 313.3114, -19.6240,  64, 64, 64
L 1519.8563, 313.3114, -19.6240,  1519.8563, 240.7832, -19.6210,  64, 64, 64
L 1519.8563, 240.7832, -19.6210,  1525.5851, 234.3544, -19.6240,  64, 64, 64
L 1525.5851, 234.3544, -19.6240,  1529.7523, 210.8748, -19.6240,  64, 64, 64
L 1529.7523, 210.8748, -19.6240,  1539.8673, 161.0475, -19.5438,  64, 64, 64
L 1539.8673, 161.0475, -19.5438,  1559.8304, 64.5514, -19.6240,  64, 64, 64
L 1559.8304, 64.5514, -19.6240,  1560.7069, 38.1922, -19.6240,  64, 64, 64
L 1560.7069, 38.1922, -19.6240,  1596.8445, 2.0558, -19.6240,  64, 64, 64
L 1596.8445, 2.0558, -19.6240,  1630.0424, -30.1266, -19.6099,  64, 64, 64
L 1630.0424, -30.1266, -19.6099,  1657.8558, -58.1427, -19.6665,  64, 64, 64
L 1657.8558, -58.1427, -19.6665,  1656.7653, -62.7349, -19.9371,  64, 64, 64
L 1656.7653, -62.7349, -19.9371,  1656.8660, -68.6979, -19.9269,  64, 64, 64
L 1656.8660, -68.6979, -19.9269,  1657.9309, -75.8243, -19.8237,  64, 64, 64
L 1657.9309, -75.8243, -19.8237,  1661.0956, -81.8635, -19.6240,  64, 64, 64
L 1661.0956, -81.8635, -19.6240,  1666.2323, -85.9018, -19.6012,  64, 64, 64
L 1666.2323, -85.9018, -19.6012,  1673.1694, -89.7963, -19.6173,  64, 64, 64
L 1673.1694, -89.7963, -19.6173,  1679.8478, -89.4126, -18.0313,  64, 64, 64
L 1679.8478, -89.4126, -18.0313,  1685.1479, -88.0527, -19.6208,  64, 64, 64
L 1685.1479, -88.0527, -19.6208,  1693.8860, -80.8014, -19.6240,  64, 64, 64
L 1693.8860, -80.8014, -19.6240,  1696.4025, -76.4808, -19.5793,  64, 64, 64
L 1696.4025, -76.4808, -19.5793,  1700.3081, -80.1962, -19.6240,  64, 64, 64
L 1700.3081, -80.1962, -19.6240,  1708.9760, -80.0353, -19.6240,  64, 64, 64
L 1708.9760, -80.0353, -19.6240,  1715.2697, -91.8047, -19.6240,  64, 64, 64
L 1715.2697, -91.8047, -19.6240,  1722.3593, -97.1218, -19.6240,  64, 64, 64
L 1722.3593, -97.1218, -19.6240,  1729.9838, -97.7952, -19.6240,  64, 64, 64
L 1729.9838, -97.7952, -19.6240,  1735.6151, -96.4769, -19.6240,  64, 64, 64
L 1735.6151, -96.4769, -19.6240,  1738.0951, -94.8788, -17.2324,  64, 64, 64
L 1738.0951, -94.8788, -17.2324,  1740.4181, -98.8759, -17.7378,  64, 64, 64
L 1740.4181, -98.8759, -17.7378,  1747.9603, -103.7940, -19.6240,  64, 64, 64
L 1747.9603, -103.7940, -19.6240,  1753.0468, -105.8962, -19.6240,  64, 64, 64
L 1753.0468, -105.8962, -19.6240,  1756.5704, -105.8773, -19.6240,  64, 64, 64
L 1756.5704, -105.8773, -19.6240,  1767.3943, -104.7346, -19.6240,  64, 64, 64
L 1767.3943, -104.7346, -19.6240,  1778.3115, -98.9389, -19.6240,  64, 64, 64
L 1778.3115, -98.9389, -19.6240,  1781.4529, -100.0865, -19.6240,  64, 64, 64
L 1781.4529, -100.0865, -19.6240,  1798.2151, -100.1616, -19.6240,  64, 64, 64
L 1798.2151, -100.1616, -19.6240,  1818.4778, -118.5612, -19.6049,  64, 64, 64
L 1818.4778, -118.5612, -19.6049,  1837.4647, -119.9570, -19.6240,  64, 64, 64
L 1837.4647, -119.9570, -19.6240,  1837.1222, -127.1135, -18.2776,  64, 64, 64
L 1837.1222, -127.1135, -18.2776,  1841.2654, -138.2872, -19.6240,  64, 64, 64
L 1841.2654, -138.2872, -19.6240,  1847.6188, -146.3746, -19.6240,  64, 64, 64
L 1847.6188, -146.3746, -19.6240,  1856.9657, -148.3069, -19.6240,  64, 64, 64
L 1856.9657, -148.3069, -19.6240,  1859.8588, -151.4704, -19.6019,  64, 64, 64
L 1859.8588, -151.4704, -19.6019,  1859.8555, -176.4749, -19.6240,  64, 64, 64
L 1859.8555, -176.4749, -19.6240,  1839.7441, -275.4605, -19.6403,  64, 64, 64
L 1839.7441, -275.4605, -19.6403,  1839.7690, -318.3319, -19.6240,  64, 64, 64
L 1839.7690, -318.3319, -19.6240,  1847.6221, -325.7915, -17.3632,  64, 64, 64
L 1847.6221, -325.7915, -17.3632,  1852.2313, -339.9168, -19.6240,  64, 64, 64
L 1852.2313, -339.9168, -19.6240,  1849.9293, -346.6350, -19.6027,  64, 64, 64
L 1849.9293, -346.6350, -19.6027,  1830.2010, -369.6157, -18.8976,  64, 64, 64
L 1830.2010, -369.6157, -18.8976,  1820.2322, -448.8748, -19.2289,  64, 64, 64
L 1820.2322, -448.8748, -19.2289,  1819.4803, -497.8373, -19.6240,  64, 64, 64
L 1819.4803, -497.8373, -19.6240,  1828.7565, -509.1978, -19.6240,  64, 64, 64
L 1828.7565, -509.1978, -19.6240,  1825.8628, -518.5212, -19.6240,  64, 64, 64
L 1825.8628, -518.5212, -19.6240,  1835.2827, -531.2288, -19.6240,  64, 64, 64
L 1835.2827, -531.2288, -19.6240,  1833.0254, -539.8247, -19.6240,  64, 64, 64
L 1833.0254, -539.8247, -19.6240,  1835.2338, -549.1003, -19.6240,  64, 64, 64
L 1835.2338, -549.1003, -19.6240,  1833.3992, -562.7511, -19.6240,  64, 64, 64
L 1833.3992, -562.7511, -19.6240,  1832.9902, -570.6621, -19.6240,  64, 64, 64
L 1832.9902, -570.6621, -19.6240,  1834.1681, -573.6674, -19.6240,  64, 64, 64
L 1834.1681, -573.6674, -19.6240,  1827.6381, -572.6263, -19.6240,  64, 64, 64
L 1827.6381, -572.6263, -19.6240,  1822.9233, -572.8280, -19.6240,  64, 64, 64
L 1822.9233, -572.8280, -19.6240,  1819.1957, -573.3671, -19.6240,  64, 64, 64
L 1819.1957, -573.3671, -19.6240,  1815.4907, -575.3242, -19.6240,  64, 64, 64
L 1815.4907, -575.3242, -19.6240,  1815.3003, -578.5485, -19.6240,  64, 64, 64
L 1815.3003, -578.5485, -19.6240,  1817.8932, -584.8573, -19.6240,  64, 64, 64
L 1817.8932, -584.8573, -19.6240,  1819.3521, -588.2989, -19.6240,  64, 64, 64
L 1819.3521, -588.2989, -19.6240,  1819.5881, -599.0787, -19.6240,  64, 64, 64
L 1819.5881, -599.0787, -19.6240,  1819.4650, -611.6785, -19.6240,  64, 64, 64
L 1819.4650, -611.6785, -19.6240,  1815.7743, -611.5490, -19.6240,  64, 64, 64
L 1815.7743, -611.5490, -19.6240,  1811.3883, -612.3382, -19.6240,  64, 64, 64
L 1811.3883, -612.3382, -19.6240,  1807.3062, -614.5852, -19.6240,  64, 64, 64
L 1807.3062, -614.5852, -19.6240,  1803.6957, -616.8806, -19.6240,  64, 64, 64
L 1803.6957, -616.8806, -19.6240,  1800.4824, -620.6315, -19.6240,  64, 64, 64
L 1800.4824, -620.6315, -19.6240,  1796.3864, -634.0756, -19.6240,  64, 64, 64
L 1796.3864, -634.0756, -19.6240,  1795.2004, -640.3310, -19.6240,  64, 64, 64
L 1795.2004, -640.3310, -19.6240,  1798.5972, -644.0128, -19.6240,  64, 64, 64
L 1798.5972, -644.0128, -19.6240,  1803.0830, -647.8979, -19.6240,  64, 64, 64
L 1803.0830, -647.8979, -19.6240,  1808.7222, -651.8870, -19.6240,  64, 64, 64
L 1808.7222, -651.8870, -19.6240,  1811.1962, -652.4031, -19.6240,  64, 64, 64
L 1811.1962, -652.4031, -19.6240,  1809.7236, -657.0108, -19.6240,  64, 64, 64
L 1809.7236, -657.0108, -19.6240,  1808.7936, -662.2776, -19.6240,  64, 64, 64
L 1808.7936, -662.2776, -19.6240,  1813.8428, -672.5360, -19.6240,  64, 64, 64
L 1813.8428, -672.5360, -19.6240,  1814.7140, -676.4180, -19.6240,  64, 64, 64
L 1814.7140, -676.4180, -19.6240,  1811.9839, -679.8124, -19.6240,  64, 64, 64
L 1811.9839, -679.8124, -19.6240,  1810.8679, -684.1102, -19.6240,  64, 64, 64
L 1810.8679, -684.1102, -19.6240,  1810.5116, -690.3185, -19.6240,  64, 64, 64
L 1810.5116, -690.3185, -19.6240,  1810.6154, -694.7055, -19.6240,  64, 64, 64
L 1810.6154, -694.7055, -19.6240,  1812.6777, -701.2427, -19.6240,  64, 64, 64
L 1812.6777, -701.2427, -19.6240,  1819.8080, -707.4632, -19.6240,  64, 64, 64
L 1819.8080, -707.4632, -19.6240,  1820.0160, -819.0536, -19.3191,  64, 64, 64
L 1820.0160, -819.0536, -19.3191,  1818.0332, -822.2846, -19.1466,  64, 64, 64
L 1818.0332, -822.2846, -19.1466,  1816.2339, -826.5460, -19.2525,  64, 64, 64
L 1816.2339, -826.5460, -19.2525,  1818.4255, -832.8722, -19.3508,  64, 64, 64
L 1818.4255, -832.8722, -19.3508,  1818.4841, -836.7958, -19.4740,  64, 64, 64
L 1818.4841, -836.7958, -19.4740,  1819.1592, -840.8056, -19.1842,  64, 64, 64
L 1819.1592, -840.8056, -19.1842,  1821.3901, -843.1807, -19.4272,  64, 64, 64
L 1821.3901, -843.1807, -19.4272,  1816.4081, -846.5303, -17.5417,  64, 64, 64
L 1816.4081, -846.5303, -17.5417,  1812.7450, -851.6000, -15.6061,  64, 64, 64
L 1812.7450, -851.6000, -15.6061,  1809.6018, -856.8473, -12.3749,  64, 64, 64
L 1809.6018, -856.8473, -12.3749,  1809.9961, -862.8826, -11.1302,  64, 64, 64
L 1809.9961, -862.8826, -11.1302,  1809.9298, -867.3034, -10.2208,  64, 64, 64
L 1809.9298, -867.3034, -10.2208,  1810.2253, -872.3754, -9.1589,  64, 64, 64
L 1810.2253, -872.3754, -9.1589,  1812.8450, -874.6145, -10.2886,  64, 64, 64
L 1812.8450, -874.6145, -10.2886,  1809.9681, -877.2039, -7.5641,  64, 64, 64
L 1809.9681, -877.2039, -7.5641,  1808.0885, -881.2388, -5.3062,  64, 64, 64
L 1808.0885, -881.2388, -5.3062,  1819.3666, -899.3610, -11.2787,  64, 64, 64
L 1819.3666, -899.3610, -11.2787,  1824.4032, -904.7150, -12.9358,  64, 64, 64
L 1824.4032, -904.7150, -12.9358,  1818.7729, -911.3659, -8.7552,  64, 64, 64
L 1818.7729, -911.3659, -8.7552,  1815.8574, -920.0673, -5.3583,  64, 64, 64
L 1815.8574, -920.0673, -5.3583,  1820.9348, -934.1927, -6.6359,  64, 64, 64
L 1820.9348, -934.1927, -6.6359,  1827.5381, -941.3783, -8.4164,  64, 64, 64
L 1827.5381, -941.3783, -8.4164,  1826.0377, -950.8130, -6.1551,  64, 64, 64
L 1826.0377, -950.8130, -6.1551,  1831.4968, -960.6130, -5.8140,  64, 64, 64
L 1831.4968, -960.6130, -5.8140,  1835.3759, -966.4580, -6.6395,  64, 64, 64
L 1835.3759, -966.4580, -6.6395,  1843.4977, -974.3030, -10.2546,  64, 64, 64
L 1843.4977, -974.3030, -10.2546,  1848.1259, -975.2007, -11.7801,  64, 64, 64
L 1848.1259, -975.2007, -11.7801,  1857.5291, -973.2437, -15.0793,  64, 64, 64
L 1857.5291, -973.2437, -15.0793,  1859.8654, -972.4765, -15.6572,  64, 64, 64
L 1859.8654, -972.4765, -15.6572,  1859.7489, -1000.2313, -13.6350,  64, 64, 64
L 1859.7489, -1000.2313, -13.6350,  1859.9344, -1017.0994, -15.3776,  64, 64, 64
L 1859.9344, -1017.0994, -15.3776,  1864.5281, -1025.3427, -10.8233,  64, 64, 64
L 1864.5281, -1025.3427, -10.8233,  1862.1389, -1037.2753, -8.2897,  64, 64, 64
L 1862.1389, -1037.2753, -8.2897,  1858.3561, -1076.3008, 3.3817,  64, 64, 64
L 1858.3561, -1076.3008, 3.3817,  1849.4602, -1098.9709, -8.1896,  64, 64, 64
L 1849.4602, -1098.9709, -8.1896,  1839.5771, -1123.1606, -19.6240,  64, 64, 64
L 1839.5771, -1123.1606, -19.6240,  1838.1309, -1176.4648, -19.6240,  64, 64, 64
L 1838.1309, -1176.4648, -19.6240,  1839.1995, -1236.5918, -19.6240,  64, 64, 64
L 1839.1995, -1236.5918, -19.6240,  1839.7747, -1269.1245, -19.6453,  64, 64, 64
L 1839.7747, -1269.1245, -19.6453,  1839.8612, -1294.0288, -19.2289,  64, 64, 64
L 1839.8612, -1294.0288, -19.2289,  1841.5548, -1379.9277, -10.5606,  64, 64, 64
L 1841.5548, -1379.9277, -10.5606,  1840.8066, -1432.2913, -14.2849,  64, 64, 64
L 1840.8066, -1432.2913, -14.2849,  1841.8475, -1450.3741, -17.8475,  64, 64, 64
L 1841.8475, -1450.3741, -17.8475,  1842.1707, -1472.0173, -16.5725,  64, 64, 64
L 1842.1707, -1472.0173, -16.5725,  1859.0391, -1501.7811, -3.8889,  64, 64, 64
L 1859.0391, -1501.7811, -3.8889,  1860.3616, -1539.9420, 11.1697,  64, 64, 64
L 1860.3616, -1539.9420, 11.1697,  1856.5918, -1575.6565, 30.8230,  64, 64, 64
L 1856.5918, -1575.6565, 30.8230,  1839.8376, -1668.1537, 57.7608,  64, 64, 64
L 1839.8376, -1668.1537, 57.7608,  1839.4681, -1699.6112, 73.9566,  64, 64, 64
L 1839.4681, -1699.6112, 73.9566,  1830.4138, -1749.3291, 110.7138,  64, 64, 64
L 1830.4138, -1749.3291, 110.7138,  1812.6716, -1772.1729, 122.7062,  64, 64, 64
L 1812.6716, -1772.1729, 122.7062,  1768.7421, -1798.6487, 107.0093,  64, 64, 64
L 1768.7421, -1798.6487, 107.0093,  1746.1527, -1798.9780, 94.5414,  64, 64, 64
L 1746.1527, -1798.9780, 94.5414,  1699.8119, -1799.6537, 65.1271,  64, 64, 64
L 1699.8119, -1799.6537, 65.1271,  1662.1252, -1804.1422, 76.1816,  64, 64, 64
L 1662.1252, -1804.1422, 76.1816,  1619.5383, -1815.2633, 107.3166,  64, 64, 64
L 1619.5383, -1815.2633, 107.3166,  1587.0938, -1823.7358, 100.0188,  64, 64, 64
L 1587.0938, -1823.7358, 100.0188,  1541.3796, -1836.8822, 86.8692,  64, 64, 64
L 1541.3796, -1836.8822, 86.8692,  1431.8484, -1864.8350, 67.3412,  64, 64, 64
L 1431.8484, -1864.8350, 67.3412,  1406.6075, -1866.2391, 86.6302,  64, 64, 64
L 1406.6075, -1866.2391, 86.6302,  1377.0270, -1867.8843, 111.3084,  64, 64, 64
L 1377.0270, -1867.8843, 111.3084,  1334.1659, -1870.2606, 114.3260,  64, 64, 64
L 1334.1659, -1870.2606, 114.3260,  1310.2299, -1871.5876, 114.8444,  64, 64, 64
L 1310.2299, -1871.5876, 114.8444,  1270.8743, -1872.8724, 115.7664,  64, 64, 64
L 1270.8743, -1872.8724, 115.7664,  1198.7185, -1870.9867, 99.4368,  64, 64, 64
L 1198.7185, -1870.9867, 99.4368,  1137.1853, -1866.7068, 78.0587,  64, 64, 64
L 1137.1853, -1866.7068, 78.0587,  1034.8782, -1859.8560, 84.7266,  64, 64, 64
L 1034.8782, -1859.8560, 84.7266,  985.2440, -1859.2443, 77.4585,  64, 64, 64
L 985.2440, -1859.2443, 77.4585,  941.7324, -1859.3928, 84.2090,  64, 64, 64
L 941.7324, -1859.3928, 84.2090,  848.2032, -1863.8031, 50.3327,  64, 64, 64
L 848.2032, -1863.8031, 50.3327,  780.6915, -1859.5490, 63.9545,  64, 64, 64
L 780.6915, -1859.5490, 63.9545,  693.6445, -1845.6012, 80.4208,  64, 64, 64
L 693.6445, -1845.6012, 80.4208,  596.9255, -1830.9663, 92.7197,  64, 64, 64
L 596.9255, -1830.9663, 92.7197,  514.5526, -1824.2242, 82.3713,  64, 64, 64
L 514.5526, -1824.2242, 82.3713,  431.1216, -1808.1655, 85.7538,  64, 64, 64
L 431.1216, -1808.1655, 85.7538,  360.3267, -1806.4271, 33.4376,  64, 64, 64
L 360.3267, -1806.4271, 33.4376,  267.6524, -1814.4384, 19.4267,  64, 64, 64
L 267.6524, -1814.4384, 19.4267,  169.6898, -1814.0780, 60.7048,  64, 64, 64
L 169.6898, -1814.0780, 60.7048,  100.9315, -1822.8372, 69.4581,  64, 64, 64
L 100.9315, -1822.8372, 69.4581,  6.8512, -1834.2319, 71.7157,  64, 64, 64
L 6.8512, -1834.2319, 71.7157,  -66.6863, -1833.2993, 77.5569,  64, 64, 64
L -66.6863, -1833.2993, 77.5569,  -150.7549, -1834.1638, 78.5588,  64, 64, 64
L -150.7549, -1834.1638, 78.5588,  -250.5977, -1816.6123, 105.2078,  64, 64, 64
L -250.5977, -1816.6123, 105.2078,  -337.6731, -1815.0970, 76.0272,  64, 64, 64
L -337.6731, -1815.0970, 76.0272,  -415.1502, -1846.5205, 84.6789,  64, 64, 64
L -415.1502, -1846.5205, 84.6789,  -484.1532, -1853.8280, 81.7701,  64, 64, 64
L -484.1532, -1853.8280, 81.7701,  -522.5088, -1856.6293, 86.3187,  64, 64, 64
L -522.5088, -1856.6293, 86.3187,  -556.3375, -1859.1049, 89.2692,  64, 64, 64
L -556.3375, -1859.1049, 89.2692,  -603.6179, -1850.0221, 104.4145,  64, 64, 64
L -603.6179, -1850.0221, 104.4145,  -663.6402, -1839.6486, 114.1426,  64, 64, 64
L -663.6402, -1839.6486, 114.1426,  -727.5823, -1846.7656, 90.9554,  64, 64, 64
L -727.5823, -1846.7656, 90.9554,  -790.0770, -1849.3615, 105.5607,  64, 64, 64
L -790.0770, -1849.3615, 105.5607,  -870.2401, -1847.8275, 106.9831,  64, 64, 64
L -870.2401, -1847.8275, 106.9831,  -943.1500, -1848.9971, 103.8752,  64, 64, 64
L -943.1500, -1848.9971, 103.8752,  -1025.5399, -1854.0660, 82.2600,  64, 64, 64
L -1025.5399, -1854.0660, 82.2600,  -1117.1729, -1859.1685, 81.9230,  64, 64, 64
L -1117.1729, -1859.1685, 81.9230,  -1188.2615, -1852.2317, 76.1584,  64, 64, 64
L -1188.2615, -1852.2317, 76.1584,  -1259.3419, -1845.7112, 63.1311,  64, 64, 64
L -1259.3419, -1845.7112, 63.1311,  -1320.4624, -1830.6782, 82.0563,  64, 64, 64
L -1320.4624, -1830.6782, 82.0563,  -1390.9591, -1818.0002, 89.4243,  64, 64, 64
L -1390.9591, -1818.0002, 89.4243,  -1493.0314, -1801.8740, 105.0040,  64, 64, 64
L -1493.0314, -1801.8740, 105.0040,  -1576.0891, -1796.8528, 89.5723,  64, 64, 64
L -1576.0891, -1796.8528, 89.5723,  -1663.2854, -1796.1847, 94.1456,  64, 64, 64
L -1663.2854, -1796.1847, 94.1456,  -1724.9662, -1763.9631, 116.3793,  64, 64, 64
L -1724.9662, -1763.9631, 116.3793,  -1787.5758, -1728.1821, 136.3999,  64, 64, 64
L -1787.5758, -1728.1821, 136.3999,  -1815.6094, -1658.7837, 131.7766,  64, 64, 64
L -1815.6094, -1658.7837, 131.7766,  -1845.9781, -1567.6649, 104.2208,  64, 64, 64
L -1845.9781, -1567.6649, 104.2208,  -1849.5065, -1523.6604, 110.2058,  64, 64, 64
L -1849.5065, -1523.6604, 110.2058,  -1853.9629, -1468.1010, 114.8072,  64, 64, 64
L -1853.9629, -1468.1010, 114.8072,  -1871.0271, -1354.6091, 91.7650,  64, 64, 64
L -1871.0271, -1354.6091, 91.7650,  -1872.9095, -1327.3940, 109.8952,  64, 64, 64
L -1872.9095, -1327.3940, 109.8952,  -1880.9207, -1252.1779, 112.4748,  64, 64, 64
L -1880.9207, -1252.1779, 112.4748,  -1884.8230, -1181.2207, 135.3957,  64, 64, 64
L -1884.8230, -1181.2207, 135.3957,  -1882.1376, -1130.3260, 145.2874,  64, 64, 64
L -1882.1376, -1130.3260, 145.2874,  -1877.6743, -1036.6409, 143.3114,  64, 64, 64
L -1877.6743, -1036.6409, 143.3114,  -1867.7783, -958.9554, 127.2099,  64, 64, 64
L -1867.7783, -958.9554, 127.2099,  -1854.0348, -908.3466, 118.0797,  64, 64, 64
L -1854.0348, -908.3466, 118.0797,  -1841.4139, -849.3227, 99.2214,  64, 64, 64
L -1841.4139, -849.3227, 99.2214,  -1833.7612, -783.6891, 94.6674,  64, 64, 64
L -1833.7612, -783.6891, 94.6674,  -1830.9459, -722.4504, 103.7653,  64, 64, 64
L -1830.9459, -722.4504, 103.7653,  -1834.2770, -665.3582, 113.7482,  64, 64, 64
L -1834.2770, -665.3582, 113.7482,  -1843.4446, -563.8405, 103.9634,  64, 64, 64
L -1843.4446, -563.8405, 103.9634,  -1848.4088, -493.5924, 104.7580,  64, 64, 64
L -1848.4088, -493.5924, 104.7580,  -1843.5522, -410.6012, 105.3478,  64, 64, 64
L -1843.5522, -410.6012, 105.3478,  -1821.5466, -317.4968, 90.9766,  64, 64, 64
L -1821.5466, -317.4968, 90.9766,  -1806.6868, -220.9729, 73.1049,  64, 64, 64
L -1806.6868, -220.9729, 73.1049,  -1804.4048, -146.6322, 75.5165,  64, 64, 64
L -1804.4048, -146.6322, 75.5165,  -1798.1744, -73.9201, 91.0285,  64, 64, 64
L -1798.1744, -73.9201, 91.0285,  -1786.6528, 10.6865, 88.9868,  64, 64, 64
L -1786.6528, 10.6865, 88.9868,  -1799.3204, 111.0631, 87.5470,  64, 64, 64
L -1799.3204, 111.0631, 87.5470,  -1813.1912, 193.2790, 92.9115,  64, 64, 64
L -1813.1912, 193.2790, 92.9115,  -1819.8256, 244.4248, 91.5668,  64, 64, 64
L -1819.8256, 244.4248, 91.5668,  -1819.8268, 257.7164, 101.9865,  64, 64, 64
L -1819.8268, 257.7164, 101.9865,  -1825.9900, 411.1142, 120.7265,  64, 64, 64
L -1825.9900, 411.1142, 120.7265,  -1840.2729, 516.3610, 110.9307,  64, 64, 64
L -1840.2729, 516.3610, 110.9307,  -1853.2148, 594.9486, 114.8280,  64, 64, 64
L -1853.2148, 594.9486, 114.8280,  -1857.4440, 713.4672, 86.6070,  64, 64, 64
L -1857.4440, 713.4672, 86.6070,  -1854.8582, 764.4897, 96.7162,  64, 64, 64
L -1854.8582, 764.4897, 96.7162,  -1853.0637, 831.1282, 107.4621,  64, 64, 64
L -1853.0637, 831.1282, 107.4621,  -1850.8531, 909.6744, 109.9151,  64, 64, 64
L -1850.8531, 909.6744, 109.9151,  -1848.6017, 973.6421, 116.5211,  64, 64, 64
L -1848.6017, 973.6421, 116.5211,  -1848.1816, 985.5908, 124.4638,  64, 64, 64
L -1848.1816, 985.5908, 124.4638,  -1847.0123, 1018.7877, 132.2932,  64, 64, 64
L -1847.0123, 1018.7877, 132.2932,  -1843.4843, 1181.3418, 101.7902,  64, 64, 64
L -1843.4843, 1181.3418, 101.7902,  -1828.4065, 1257.2017, 114.0770,  64, 64, 64
L -1828.4065, 1257.2017, 114.0770,  -1802.7303, 1363.6371, 121.9521,  64, 64, 64
L -1802.7303, 1363.6371, 121.9521,  -1758.4053, 1472.2811, 115.5543,  64, 64, 64
L -1758.4053, 1472.2811, 115.5543,  -1719.7478, 1544.7238, 94.0528,  64, 64, 64
L -1719.7478, 1544.7238, 94.0528,  -1655.1835, 1639.3054, 106.7975,  64, 64, 64
L -1655.1835, 1639.3054, 106.7975,  -1578.9004, 1728.7645, 113.2067,  64, 64, 64
L -1578.9004, 1728.7645, 113.2067,  -1485.1400, 1773.9182, 81.1817,  64, 64, 64
L -1485.1400, 1773.9182, 81.1817,  -1411.7905, 1791.2885, 62.2046,  64, 64, 64
L -1411.7905, 1791.2885, 62.2046,  -1388.6990, 1796.6234, 70.5544,  64, 64, 64
L -1388.6990, 1796.6234, 70.5544,  -1292.7058, 1800.6089, 44.2884,  64, 64, 64
L -1292.7058, 1800.6089, 44.2884,  -1272.3339, 1800.7388, 44.6039,  64, 64, 64
L -1272.3339, 1800.7388, 44.6039,  -1262.3582, 1800.4012, 54.8451,  64, 64, 64
L -1262.3582, 1800.4012, 54.8451,  -1190.7291, 1797.9773, 50.8004,  64, 64, 64
L -1190.7291, 1797.9773, 50.8004,  -1169.1285, 1797.2466, 68.4205,  64, 64, 64
L -1169.1285, 1797.2466, 68.4205,  -1152.2424, 1796.6775, 82.9884,  64, 64, 64
L -1152.2424, 1796.6775, 82.9884,  -1140.2427, 1796.2731, 94.1685,  64, 64, 64
L -1140.2427, 1796.2731, 94.1685,  -1123.3832, 1795.7045, 107.0038,  64, 64, 64
L -1123.3832, 1795.7045, 107.0038,  -1052.3131, 1777.7556, 113.2457,  64, 64, 64
L -1052.3131, 1777.7556, 113.2457,  -935.1895, 1759.4761, 6.8543,  64, 64, 64
L -935.1895, 1759.4761, 6.8543,  -858.6552, 1780.7623, 30.1244,  64, 64, 64
L -858.6552, 1780.7623, 30.1244,  -794.4831, 1790.4819, 45.7444,  64, 64, 64
L -794.4831, 1790.4819, 45.7444,  -701.1912, 1791.7075, 72.6529,  64, 64, 64
L -701.1912, 1791.7075, 72.6529,  -584.0992, 1790.8605, 97.0934,  64, 64, 64
L -584.0992, 1790.8605, 97.0934,  -481.6506, 1791.6986, 98.2758,  64, 64, 64
L -481.6506, 1791.6986, 98.2758,  -357.5809, 1786.0385, 62.9933,  64, 64, 64
L -357.5809, 1786.0385, 62.9933,  -269.0660, 1797.8241, 88.1470,  64, 64, 64
L -194.3126, 77.8123, -19.6240,  122.3125, 77.8132, -19.6240,  64, 64, 64
L -194.3126, 77.8123, -19.6240,  -194.3126, -237.8134, -19.6240,  64, 64, 64
L -194.3126, -237.8134, -19.6240,  122.3125, -237.8132, -19.6240,  64, 64, 64
L 122.3125, -237.8132, -19.6240,  122.3125, 77.8132, -19.6240,  64, 64, 64
L 122.3125, -137.1048, -19.6240,  154.5186, -137.1048, -19.6240,  64, 64, 64
L 154.5186, -137.1048, -19.6240,  154.5186, -119.7717, -19.6240,  64, 64, 64
L 154.5186, -119.7717, -19.6294,  122.3125, -119.7717, -19.6294,  64, 64, 64
L 121.7500, -79.7241, -47.4864,  158.6411, -79.5436, -47.0302,  64, 64, 64
L 158.6411, -79.5436, -47.0302,  178.7313, -98.2070, -32.3252,  64, 64, 64
L 178.7313, -98.2070, -32.3252,  197.8012, -118.0870, -20.6133,  64, 64, 64
L 121.7500, -59.9947, -47.4864,  158.9450, -59.8974, -47.0302,  64, 64, 64
L 158.9450, -59.8974, -47.0302,  198.8884, -21.5046, -20.2535,  64, 64, 64
L 122.3125, -19.9570, -19.6840,  154.5868, -19.9574, -19.6842,  64, 64, 64
L 154.5868, -19.9574, -19.6240,  154.5867, -2.6238, -19.6240,  64, 64, 64
L 154.5867, -2.6238, -19.6240,  122.3125, -2.6242, -19.6240,  64, 64, 64
L 149.9990, 134.0236, -19.4089,  58.7936, 192.5429, -19.6240,  64, 64, 64
L 58.7936, 192.5429, -19.6240,  104.8227, 263.2606, -19.6070,  64, 64, 64
L 104.8227, 263.2606, -17.9325,  117.8501, 281.4566, -15.5214,  64, 64, 64
L 117.8501, 281.4566, -15.5214,  130.1028, 300.2904, -8.7307,  64, 64, 64
L 130.1028, 300.2904, -8.7307,  134.4203, 306.9268, -4.5185,  64, 64, 64
L 134.4203, 306.9268, -4.5185,  140.0833, 315.6369, -0.2147,  64, 64, 64
L 140.0833, 315.6369, -0.2147,  142.2700, 319.0053, 1.8508,  64, 64, 64
L 142.2700, 319.0053, 1.8508,  145.5129, 324.0474, 3.6164,  64, 64, 64
L 145.5129, 324.0474, 3.0027,  183.6011, 299.2692, 0.1929,  64, 64, 64
L 183.6011, 299.2692, 0.1929,  204.7449, 285.5130, -0.4174,  64, 64, 64
L 204.7449, 285.5130, -1.3498,  199.9955, 278.2126, -2.6423,  64, 64, 64
L 199.9955, 278.2126, -2.6423,  187.5209, 259.0367, -11.0883,  64, 64, 64
L 187.5209, 259.0367, -11.0883,  179.4975, 246.7038, -14.3113,  64, 64, 64
L 179.4975, 246.7038, -14.3113,  175.5263, 240.6002, -16.3437,  64, 64, 64
L 175.5263, 240.6002, -16.3437,  169.2643, 229.6776, -19.6140,  64, 64, 64
L 169.2643, 229.6776, -19.6140,  148.4302, 197.6427, -19.6019,  64, 64, 64
L 148.4302, 197.6427, -19.6019,  178.5642, 178.0441, -19.6240,  64, 64, 64
L 178.5642, 178.0441, -19.6240,  149.9990, 134.0236, -19.6240,  64, 64, 64
L 175.1539, 172.7886, -15.9895,  89.9335, 228.2307, -15.8675,  64, 64, 64
L 89.9335, 228.2307, -15.8675,  68.4613, 195.2255, -15.8675,  64, 64, 64
L 68.4613, 195.2255, -15.8675,  153.7205, 139.7586, -15.8675,  64, 64, 64
L 122.2922, 209.1176, -15.3675,  123.6030, 211.0982, -15.3675,  64, 64, 64
L 123.6030, 211.0982, -15.3675,  110.3949, 219.6910, -15.3675,  64, 64, 64
L 110.3949, 219.6910, -15.3675,  109.0751, 217.7162, -15.3675,  64, 64, 64
L 109.0751, 217.7162, -15.3675,  122.2897, 209.1193, -15.3675,  64, 64, 64
L 93.0010, 232.9456, -15.8675,  122.4098, 278.1502, -15.8466,  64, 64, 64
L 122.4098, 278.1502, -15.8466,  137.0403, 300.6385, -7.8427,  64, 64, 64
L 137.0403, 300.6385, -7.8427,  147.1926, 316.2442, 1.5173,  64, 64, 64
L 147.1926, 316.2442, 1.5173,  196.9623, 283.8655, -1.5258,  64, 64, 64
L 196.9623, 283.8655, -1.5258,  172.6080, 246.4304, -15.8675,  64, 64, 64
L 172.6080, 246.4304, -15.8675,  142.7706, 200.5669, -15.8675,  64, 64, 64
L 142.7706, 200.5669, -15.8675,  93.0010, 232.9456, -15.8675,  64, 64, 64
L 119.8072, 238.6205, -15.8675,  131.0546, 255.9091, -15.8675,  64, 64, 64
L 131.0546, 255.9091, -15.8675,  148.3430, 244.6617, -15.8675,  64, 64, 64
L 148.3430, 244.6617, -15.8675,  137.0958, 227.3731, -15.8675,  64, 64, 64
L 137.0958, 227.3731, -15.8675,  119.8072, 238.6205, -15.8675,  64, 64, 64
L 138.7698, 253.8192, -15.8675,  129.5213, 260.8285, -15.8669,  64, 64, 64
L 129.5213, 260.8285, -15.8675,  138.2368, 274.9110, -15.8675,  64, 64, 64
L 138.2368, 274.9110, -14.9469,  142.0487, 272.8081, -14.9418,  64, 64, 64
L 141.6203, 272.1495, -14.9418,  152.8676, 289.4380, -7.9282,  64, 64, 64
L 152.8676, 289.4380, -7.0073,  170.1561, 278.1906, -6.4808,  64, 64, 64
L 170.1561, 278.1906, -8.4086,  158.9086, 260.9022, -13.8544,  64, 64, 64
L 158.9086, 260.9022, -15.5322,  141.6203, 272.1495, -15.2597,  64, 64, 64
L 145.7605, 269.4561, -15.2597,  142.8111, 263.7523, -15.8675,  64, 64, 64
L 142.8111, 263.7523, -15.8675,  138.7698, 253.8192, -15.8675,  64, 64, 64
L 138.4038, 252.9842, -15.8675,  138.4038, 252.9842, -15.8675,  64, 64, 64
L 182.1571, 176.0074, -19.6240,  165.3969, 148.6634, -19.6227,  64, 64, 64
L 165.3969, 148.6634, -18.9730,  169.0675, 139.3193, -19.6240,  64, 64, 64
L 169.0675, 139.3193, -19.6238,  175.8392, 133.9962, -19.6239,  64, 64, 64
L 175.8392, 133.9962, -19.6240,  184.2681, 134.1286, -19.6240,  64, 64, 64
L 184.2681, 134.1286, -19.6240,  187.2346, 134.5726, -19.6240,  64, 64, 64
L 187.2346, 134.5726, -19.6240,  191.9097, 136.6782, -19.6240,  64, 64, 64
L 191.9097, 136.6782, -19.6232,  196.2256, 140.0670, -19.6235,  64, 64, 64
L 196.2256, 140.0670, -19.6240,  205.4602, 155.2271, -19.6240,  64, 64, 64
L 205.4602, 155.2271, -19.6238,  188.2388, 165.8543, -19.6240,  64, 64, 64
L 188.2388, 165.8543, -19.6240,  182.1571, 176.0074, -19.6240,  64, 64, 64
L 222.7718, 59.5519, -19.6240,  214.9309, 47.2594, -19.6240,  64, 64, 64
L 214.9309, 47.2594, -19.6240,  218.4440, 42.0247, -19.6240,  64, 64, 64
L 218.4440, 42.0247, -19.6240,  223.2802, 47.5842, -19.6240,  64, 64, 64
L 223.2802, 47.5842, -19.6240,  232.7708, 40.3567, -19.6240,  64, 64, 64
L 232.7708, 40.3567, -19.6240,  234.5903, 43.1699, -19.6240,  64, 64, 64
L 234.5903, 43.1699, -19.6240,  235.5027, 47.2373, -19.6237,  64, 64, 64
L 235.5027, 47.2373, -19.6237,  235.8861, 48.5681, -19.6237,  64, 64, 64
L 235.8861, 48.5681, -19.6237,  235.3667, 51.2281, -19.6240,  64, 64, 64
L 235.3667, 51.2281, -19.6240,  233.3989, 53.8318, -19.6240,  64, 64, 64
L 233.3989, 53.8318, -19.6240,  231.9324, 54.4125, -19.3660,  64, 64, 64
L 231.9324, 54.4125, -19.3660,  228.5762, 50.8106, -19.6240,  64, 64, 64
L 228.5762, 50.8106, -19.6240,  224.7207, 53.3868, -16.6407,  64, 64, 64
L 224.7207, 53.3868, -16.6407,  229.0211, 57.3247, -19.6240,  64, 64, 64
L 229.0211, 57.3247, -19.6240,  229.4430, 59.1720, -19.6240,  64, 64, 64
L 229.4430, 59.1720, -19.6240,  227.8010, 59.6616, -19.6240,  64, 64, 64
L 227.8010, 59.6616, -19.6240,  224.5537, 60.2858, -19.6240,  64, 64, 64
L 224.5537, 60.2858, -19.6240,  222.7718, 59.5519, -19.6240,  64, 64, 64
L 217.5983, 51.8545, -19.6240,  217.5983, 51.8545, -19.6240,  64, 64, 64
L 271.3137, -26.9749, -19.6240,  253.7203, -46.8715, -19.6240,  64, 64, 64
L 253.7203, -46.8715, -19.6240,  254.8940, -49.2896, -19.6240,  64, 64, 64
L 254.8940, -49.2896, -19.6240,  256.7154, -50.9171, -19.6240,  64, 64, 64
L 256.7154, -50.9171, -19.6240,  258.9105, -51.2455, -19.6240,  64, 64, 64
L 258.9105, -51.2455, -19.6240,  263.9880, -43.7512, -19.3726,  64, 64, 64
L 263.9880, -43.7512, -19.3726,  270.6208, -49.6131, -19.4018,  64, 64, 64
L 270.6208, -49.6131, -19.4018,  274.2321, -46.7749, -19.6240,  64, 64, 64
L 274.2321, -46.7749, -19.6240,  267.7142, -39.5371, -19.3726,  64, 64, 64
L 267.7142, -39.5371, -19.3726,  274.3910, -31.9864, -19.3766,  64, 64, 64
L 271.3137, -26.9749, -19.6240,  274.3910, -31.9864, -19.6240,  64, 64, 64
L 164.8135, -340.0624, -19.6240,  169.5043, -348.1956, -19.6232,  64, 64, 64
L 169.5043, -348.1956, -19.6232,  171.3308, -353.8061, -19.6202,  64, 64, 64
L 171.3308, -353.8061, -19.6202,  172.1008, -358.4561, -19.6240,  64, 64, 64
L 172.1008, -358.4561, -19.6240,  172.4704, -365.7204, -19.6240,  64, 64, 64
L 172.4704, -365.7204, -19.6240,  172.0839, -373.8675, -19.6240,  64, 64, 64
L 172.0839, -373.8675, -19.6240,  171.8236, -374.9106, -19.6240,  64, 64, 64
L 171.8236, -374.9106, -19.6240,  139.5127, -375.0970, -19.6240,  64, 64, 64
L 139.5127, -375.0970, -19.6240,  139.5553, -335.5933, -19.6240,  64, 64, 64
L 139.5544, -336.3991, -19.6240,  135.1675, -337.8980, -19.6240,  64, 64, 64
L 135.1675, -337.8980, -19.6240,  131.4484, -337.1547, -19.6240,  64, 64, 64
L 131.4484, -337.1547, -19.6240,  127.0788, -334.5361, -19.6240,  64, 64, 64
L 127.0788, -334.5361, -19.6240,  122.0501, -330.0978, -19.6240,  64, 64, 64
L 122.0501, -330.0978, -19.6240,  120.9696, -327.6212, -19.6240,  64, 64, 64
L 120.9696, -327.6212, -19.6240,  120.4170, -325.9968, -19.6240,  64, 64, 64
L 120.4170, -325.9968, -19.6240,  120.5624, -324.3923, -19.6240,  64, 64, 64
L 120.5624, -324.3923, -19.6240,  121.2597, -323.0215, -19.6240,  64, 64, 64
L 121.2597, -323.0215, -19.6240,  122.1761, -322.1083, -19.6240,  64, 64, 64
L 122.1761, -322.1083, -19.6240,  145.3370, -322.2640, -19.6240,  64, 64, 64
L 145.3370, -322.2640, -19.6240,  146.3271, -323.7997, -19.6240,  64, 64, 64
L 146.3271, -323.7997, -19.6240,  146.7297, -325.5521, -19.6240,  64, 64, 64
L 146.7297, -325.5521, -19.6240,  146.4641, -326.6074, -19.6240,  64, 64, 64
L 146.4641, -326.6074, -19.6240,  146.3991, -326.8357, -19.6240,  64, 64, 64
L 146.3991, -326.8357, -19.6240,  144.8574, -331.0427, -19.6240,  64, 64, 64
L 144.8574, -331.0427, -19.6240,  144.1376, -332.8894, -19.6240,  64, 64, 64
L 144.1376, -332.8894, -19.6240,  141.0182, -335.5325, -19.6240,  64, 64, 64
L 139.5553, -335.5933, -19.6240,  146.5182, -335.3037, -19.6239,  64, 64, 64
L 146.5182, -335.3037, -19.6239,  153.6301, -332.9460, -19.6229,  64, 64, 64
L 153.6301, -332.9460, -19.6229,  155.4592, -332.5710, -19.6235,  64, 64, 64
L 155.4592, -332.5710, -19.6235,  160.9013, -336.4857, -19.6216,  64, 64, 64
L 160.9013, -336.4857, -19.6216,  164.0252, -339.0384, -19.6233,  64, 64, 64
L 164.0252, -339.0384, -19.6233,  164.8135, -340.0624, -19.6240,  64, 64, 64
L 139.5188, -369.4694, -19.0725,  172.6818, -369.8763, -19.0001,  64, 64, 64
L 146.0129, -327.8894, -19.3726,  136.2449, -327.8894, -19.3726,  64, 64, 64
L 136.2449, -327.8894, -19.3726,  136.2447, -337.5299, -19.3726,  64, 64, 64
L 130.6197, -336.6581, -19.3726,  130.6197, -327.8894, -19.3726,  64, 64, 64
L 130.6197, -327.8894, -19.3726,  121.0866, -327.8894, -19.3726,  64, 64, 64
L 25.8129, -388.9951, -19.6240,  25.8128, -402.1678, -19.6240,  64, 64, 64
L 25.8128, -402.1678, -19.6240,  32.9564, -402.1678, -19.6240,  64, 64, 64
L 32.9564, -402.1678, -19.6240,  30.2311, -408.0433, -19.6240,  64, 64, 64
L 30.2311, -408.0433, -19.6240,  19.1408, -407.6587, -19.6240,  64, 64, 64
L 19.1408, -407.6587, -19.6240,  16.1967, -404.9628, -19.6240,  64, 64, 64
L 16.1967, -404.9628, -19.6240,  14.7965, -402.1678, -5.2968,  64, 64, 64
L 14.7965, -402.1678, -19.3728,  20.1879, -402.1678, -19.3728,  64, 64, 64
L 20.1879, -402.1678, -19.3728,  20.1879, -391.1518, -19.3728,  64, 64, 64
L 20.1879, -391.1518, -19.3728,  25.8129, -388.9951, -19.6240,  64, 64, 64
L 30.3036, -330.9501, -19.6182,  10.3788, -327.9835, -19.6240,  64, 64, 64
L 10.3788, -327.9835, -19.6202,  11.6928, -317.9240, -19.6240,  64, 64, 64
L 11.6928, -317.9240, -19.6240,  11.6911, -308.2188, -19.6240,  64, 64, 64
L 11.6911, -308.2188, -19.6213,  31.9338, -308.2186, -19.6240,  64, 64, 64
L 31.9338, -308.2186, -19.6190,  31.9380, -317.0062, -19.6218,  64, 64, 64
L 31.9380, -317.0062, -19.6240,  28.1256, -321.4559, -19.6240,  64, 64, 64
L 28.1256, -321.4559, -19.6240,  24.8045, -323.1655, -19.6240,  64, 64, 64
L 24.8045, -323.1655, -19.6240,  15.5960, -322.5634, -16.5618,  64, 64, 64
L 15.5960, -322.5634, -16.5618,  17.9382, -323.6302, -17.5036,  64, 64, 64
L 17.9382, -323.6302, -17.5036,  23.2671, -324.9563, -17.2848,  64, 64, 64
L 23.2671, -324.9563, -17.2848,  28.7541, -321.5881, -18.6711,  64, 64, 64
L 28.7541, -321.5881, -18.6711,  32.3543, -317.8785, -19.6240,  64, 64, 64
L 32.3543, -317.8785, -19.6240,  30.3036, -330.9501, -19.6240,  64, 64, 64
L -102.3537, -318.7884, -19.3728,  -108.8892, -318.7879, -19.3728,  64, 64, 64
L -108.8892, -318.7879, -19.3728,  -108.8892, -330.5511, -19.3728,  64, 64, 64
L -108.8892, -330.5511, -19.6240,  -114.5142, -331.8362, -19.6240,  64, 64, 64
L -114.5142, -318.7883, -19.6240,  -114.5142, -331.8362, -19.6240,  64, 64, 64
L -114.5142, -318.7883, -19.6240,  -121.8185, -318.7883, -19.6240,  64, 64, 64
L -121.8185, -318.7883, -19.6240,  -119.7586, -315.0336, -19.6240,  64, 64, 64
L -114.2858, -312.7944, -19.6240,  -119.7586, -315.0336, -19.6240,  64, 64, 64
L -114.2858, -312.7944, -19.6240,  -107.3763, -313.2960, -19.6240,  64, 64, 64
L -107.3763, -313.2960, -19.6240,  -102.3537, -318.7884, -19.6240,  64, 64, 64
L -151.9136, -294.2599, -19.6240,  -151.6550, -316.1955, -19.6240,  64, 64, 64
L -151.6550, -316.1955, -19.6240,  -170.3625, -316.2368, -19.6240,  64, 64, 64
L -170.3625, -316.2368, -19.6173,  -172.2461, -294.6009, -19.6237,  64, 64, 64
L -172.2461, -294.6009, -19.6240,  -151.9136, -294.2599, -19.6240,  64, 64, 64
L -168.1266, -324.6499, -19.6240,  -148.1781, -323.4243, -19.6236,  64, 64, 64
L -148.1781, -323.4243, -19.6240,  -148.0890, -346.0990, -19.6216,  64, 64, 64
L -148.0890, -346.0990, -19.6174,  -168.2668, -344.3393, -19.6228,  64, 64, 64
L -168.2668, -344.3393, -19.6221,  -168.1266, -324.6499, -19.6240,  64, 64, 64
L -350.1468, -141.9175, -19.6240,  -368.2430, -245.9241, -19.6240,  64, 64, 64
L -368.2430, -245.9241, -19.2799,  -433.4959, -234.5973, -19.2701,  64, 64, 64
L -433.4959, -234.5973, -14.2113,  -443.7740, -232.8202, -7.8992,  64, 64, 64
L -443.7740, -232.8202, -7.8992,  -453.6315, -231.1236, -0.5392,  64, 64, 64
L -453.6315, -231.1236, 1.6153,  -450.5211, -225.9347, 1.3583,  64, 64, 64
L -450.5211, -225.9347, -2.3662,  -439.2287, -227.8941, -10.4846,  64, 64, 64
L -439.2287, -227.8941, -10.4846,  -427.8734, -229.8642, -16.1646,  64, 64, 64
L -427.8734, -229.8642, -16.1646,  -422.6471, -230.7712, -18.6417,  64, 64, 64
L -422.6471, -230.7712, -18.6417,  -417.6762, -231.6339, -18.6417,  64, 64, 64
L -417.6762, -231.6339, -18.6417,  -407.5253, -173.1330, -16.8319,  64, 64, 64
L -407.5253, -173.1330, -16.8319,  -419.3317, -171.0845, -14.1075,  64, 64, 64
L -419.3317, -171.0845, -14.1075,  -439.6791, -167.5538, -0.7937,  64, 64, 64
L -439.6791, -167.5538, 1.3033,  -439.2000, -161.9702, 1.1604,  64, 64, 64
L -439.2000, -161.9702, -1.2120,  -418.5873, -165.5044, -13.1452,  64, 64, 64
L -418.5873, -165.5044, -13.1452,  -406.5636, -167.5908, -16.4215,  64, 64, 64
L -406.5636, -167.5908, -16.4215,  -400.5543, -132.9576, -17.8041,  64, 64, 64
L -400.5543, -132.9576, -18.3676,  -395.1163, -134.5205, -18.6774,  64, 64, 64
L -395.1163, -134.5205, -18.5665,  -404.6767, -189.6183, -18.6417,  64, 64, 64
L -404.6767, -189.6183, -18.6417,  -412.1340, -232.5955, -18.6417,  64, 64, 64
L -412.1340, -232.5955, -18.6417,  -373.3387, -239.3272, -18.6417,  64, 64, 64
L -373.3387, -239.3272, -18.6417,  -356.2267, -140.7085, -18.7576,  64, 64, 64
L -350.1468, -141.9175, -19.2692,  -363.6148, -139.2394, -19.2249,  64, 64, 64
L -363.6148, -139.2394, -19.2249,  -357.1093, -103.9555, -19.2744,  64, 64, 64
L -357.1093, -103.9555, -19.6240,  -389.4749, -97.9274, -19.6240,  64, 64, 64
L -389.4749, -97.9274, -19.6240,  -391.3407, -107.5731, -19.6227,  64, 64, 64
L -391.3407, -107.5731, -19.6227,  -392.4068, -115.4242, -19.6240,  64, 64, 64
L -392.4068, -115.4242, -19.6240,  -392.4920, -118.4372, -19.6240,  64, 64, 64
L -392.4920, -118.4372, -19.6240,  -391.7701, -124.9657, -19.6240,  64, 64, 64
L -391.7701, -124.9657, -19.6240,  -388.3456, -133.8082, -19.3920,  64, 64, 64
L -388.3456, -133.8082, -19.3920,  -387.2329, -136.3462, -18.7143,  64, 64, 64
L -387.2329, -136.3462, -18.7143,  -395.0673, -134.2378, -18.7572,  64, 64, 64
L -390.5435, -103.4521, -18.6655,  -358.1292, -109.4873, -18.7229,  64, 64, 64
L -382.3864, -207.4976, -18.6417,  -375.3424, -208.7198, -18.6417,  64, 64, 64
L -375.3424, -208.7198, -18.6417,  -378.4864, -213.8775, -18.6417,  64, 64, 64
L -378.4864, -213.8775, -18.6417,  -390.2997, -211.8371, -18.6417,  64, 64, 64
L -390.2997, -211.8371, -18.6417,  -397.3894, -204.8943, -18.6417,  64, 64, 64
L -397.3894, -204.8943, -18.6417,  -387.9285, -206.5359, -18.6417,  64, 64, 64
L -387.9285, -206.5359, -18.6417,  -385.8857, -194.7435, -18.6417,  64, 64, 64
L -385.8857, -194.7435, -18.6417,  -380.1160, -194.5476, -18.6417,  64, 64, 64
L -380.1160, -194.5476, -18.6417,  -382.3864, -207.4976, -18.6417,  64, 64, 64
L -343.5392, 1.8295, -19.6240,  -361.4612, -5.5944, -19.6226,  64, 64, 64
L -361.4612, -5.5944, -19.6191,  -370.0042, 12.1261, -19.6234,  64, 64, 64
L -370.0042, 12.1261, -19.6155,  -351.7205, 19.7005, -19.6213,  64, 64, 64
L -351.7205, 19.7005, -19.6201,  -343.5392, 1.8295, -19.6223,  64, 64, 64
L -306.3123, 9.6345, -19.6240,  -310.5312, 25.3623, -19.6237,  64, 64, 64
L -310.5312, 25.3623, -19.6240,  -305.6110, 29.8236, -19.6215,  64, 64, 64
L -305.6110, 29.8236, -19.6215,  -301.9330, 31.7511, -19.6240,  64, 64, 64
L -301.9330, 31.7511, -19.6240,  -296.1151, 31.6429, -19.6240,  64, 64, 64
L -296.1151, 31.6429, -19.6240,  -292.9152, 31.6624, -19.6240,  64, 64, 64
L -292.9152, 31.6624, -19.6240,  -289.7629, 30.1659, -19.6240,  64, 64, 64
L -289.7629, 30.1659, -19.6240,  -287.3212, 27.9208, -19.6240,  64, 64, 64
L -287.3212, 27.9208, -19.6240,  -285.2920, 25.1983, -19.6240,  64, 64, 64
L -285.2920, 25.1983, -19.6240,  -283.8297, 21.7343, -19.6240,  64, 64, 64
L -283.8297, 21.7343, -19.6240,  -281.7837, 16.0669, -19.6240,  64, 64, 64
L -281.7837, 16.0669, -19.6240,  -285.4095, 13.9137, -19.6240,  64, 64, 64
L -285.4095, 13.9137, -19.6240,  -290.4561, 12.0408, -19.0324,  64, 64, 64
L -290.4561, 12.0408, -19.0324,  -292.6700, 10.0217, -19.6240,  64, 64, 64
L -292.6700, 10.0217, -19.6240,  -295.0992, 9.2497, -19.6240,  64, 64, 64
L -295.0992, 9.2497, -19.6240,  -297.5011, 8.7259, -19.6240,  64, 64, 64
L -297.5011, 8.7259, -19.6240,  -301.0699, 8.5281, -19.6240,  64, 64, 64
L -301.0699, 8.5281, -19.6240,  -306.3123, 9.6345, -19.6237,  64, 64, 64
L -245.7514, 96.7215, -19.6240,  -262.1977, 115.3208, -19.6240,  64, 64, 64
L -262.1977, 115.3208, -19.6240,  -257.7909, 118.8289, -19.6240,  64, 64, 64
L -257.7909, 118.8289, -19.3726,  -250.9976, 111.1462, -19.3726,  64, 64, 64
L -250.9976, 111.1462, -19.3726,  -243.6384, 117.6532, -19.3726,  64, 64, 64
L -243.6384, 117.6532, -19.6240,  -240.3877, 113.0189, -19.6240,  64, 64, 64
L -240.3877, 113.0189, -19.3726,  -247.2714, 106.9321, -19.3726,  64, 64, 64
L -247.2714, 106.9321, -19.3726,  -239.4317, 98.0665, -19.3726,  64, 64, 64
L -239.4317, 98.0665, -19.6240,  -245.7514, 96.7215, -19.4673,  64, 64, 64
L -225.9429, 162.4062, -19.6240,  -235.2389, 154.1862, -19.6240,  64, 64, 64
L -235.2389, 154.1862, -19.6240,  -239.6219, 157.8193, -19.6240,  64, 64, 64
L -239.6219, 157.8193, -19.6240,  -229.6689, 166.6201, -19.6240,  64, 64, 64
L -229.6689, 166.6201, -19.6240,  -234.8080, 172.4318, -19.6240,  64, 64, 64
L -234.8080, 172.4318, -19.6240,  -228.3956, 173.6716, -19.6240,  64, 64, 64
L -228.3956, 173.6716, -19.6240,  -218.8156, 162.8378, -19.6240,  64, 64, 64
L -218.8156, 162.8378, -19.6240,  -220.4987, 156.2491, -19.6240,  64, 64, 64
L -220.4987, 156.2491, -19.6240,  -225.9429, 162.4062, -19.6240,  64, 64, 64
L -195.5776, 136.6642, -19.6229,  -191.4380, 147.7139, -19.6240,  64, 64, 64
L -191.4380, 147.7139, -19.6240,  -193.8975, 167.8051, -19.6240,  64, 64, 64
L -193.8975, 167.8051, -19.6224,  -174.3079, 170.2503, -19.6236,  64, 64, 64
L -174.3079, 170.2503, -19.6206,  -166.3007, 166.6412, -19.6240,  64, 64, 64
L -166.3007, 166.6412, -19.6240,  -158.1897, 157.2607, -19.6240,  64, 64, 64
L -158.1897, 157.2607, -19.6240,  -159.0352, 149.3059, -19.6240,  64, 64, 64
L -159.0352, 149.3059, -19.6217,  -163.8983, 140.6222, -19.6224,  64, 64, 64
L -163.8983, 140.6222, -19.6240,  -195.5776, 136.6642, -19.6240,  64, 64, 64
L -178.9749, 184.0868, -19.6240,  -135.6064, 210.9020, -19.6240,  64, 64, 64
L -135.6064, 210.9020, -19.6240,  -129.0867, 220.5674, -19.6240,  64, 64, 64
L -188.0598, 202.7004, -19.6240,  -140.7650, 220.2327, -19.6240,  64, 64, 64
L -140.7650, 220.2327, -19.6240,  -129.0867, 220.5674, -19.6240,  64, 64, 64
L -178.9749, 184.0868, -19.6234,  -188.0598, 202.7004, -19.6237,  64, 64, 64
L 121.7500, -62.2950, -47.4864,  122.7500, -62.4144, -47.4640,  64, 64, 64
L 122.7500, -62.4144, -47.4614,  122.7501, -64.1548, -47.4614,  64, 64, 64
L 122.7501, -64.1548, -47.4809,  119.0000, -64.2923, -47.2490,  64, 64, 64
L 119.0000, -64.2923, -47.2490,  119.0000, -62.3029, -47.2490,  64, 64, 64
L 119.0000, -62.3029, -47.2490,  120.0000, -62.3084, -47.2103,  64, 64, 64
L 120.0000, -62.3084, -47.2103,  120.0000, -61.3438, -47.2490,  64, 64, 64
L 120.0000, -61.3438, -47.2490,  101.8867, -61.3438, -47.2490,  64, 64, 64
L 101.8867, -61.3438, -47.2490,  102.0000, -30.3437, -47.2490,  64, 64, 64
L 102.0000, -30.3437, -47.2490,  83.0979, -30.3438, -47.2490,  64, 64, 64
L 121.7500, -77.7647, -47.4864,  122.6889, -77.7275, -47.4714,  64, 64, 64
L 122.6889, -77.7275, -47.4623,  122.9741, -76.0350, -47.4567,  64, 64, 64
L 122.9741, -76.0350, -47.4869,  118.9463, -75.8790, -47.2490,  64, 64, 64
L 118.9463, -75.8790, -47.2490,  119.0797, -77.7602, -47.2490,  64, 64, 64
L 119.0797, -77.7602, -47.2490,  120.0000, -77.7531, -47.1980,  64, 64, 64
L 120.0000, -77.7531, -47.1980,  120.0000, -78.7188, -47.2490,  64, 64, 64
L 120.0000, -78.7188, -47.2490,  84.6250, -78.7187, -47.2490,  64, 64, 64
L 84.6250, -78.7187, -47.2490,  84.6250, -47.7187, -47.2490,  64, 64, 64
L 83.3510, -47.7187, -47.2490,  84.6250, -47.7187, -47.2490,  64, 64, 64
L 121.7500, -77.7647, -47.4864,  121.7500, -79.7241, -47.4864,  64, 64, 64
L 121.7500, -79.5340, -47.4864,  122.3125, -119.7718, -19.6294,  64, 64, 64
L 121.7500, -62.2950, -47.4864,  121.7500, -59.9768, -47.4864,  64, 64, 64
L 121.7500, -59.9768, -47.4864,  122.3125, -19.9571, -19.6840,  64, 64, 64
L 83.1597, -47.7187, -47.2490,  83.0979, -30.3438, -47.2490,  150, 0, 200
L 2051.2083, -614.9406, 13.9214,  2037.7996, -609.8995, 13.9225,  64, 64, 64
L 2037.7996, -609.8995, 13.9225,  2027.7850, -603.1693, 13.9094,  64, 64, 64
L 2027.7850, -603.1693, 13.9094,  2024.2627, -592.2476, 13.9269,  64, 64, 64
L 2024.2627, -592.2476, 13.9269,  2022.0281, -574.7403, 13.9028,  64, 64, 64
L 2022.0281, -574.7403, 13.9028,  2006.9033, -549.2723, 16.4375,  64, 64, 64
L 2006.9033, -549.2723, 16.4375,  1974.7429, -535.6191, 13.8997,  64, 64, 64
L 1974.7429, -535.6191, 13.8997,  1958.4103, -530.5948, 13.9214,  64, 64, 64
L 1958.4103, -530.5948, 13.9214,  1900.9835, -527.4465, 12.9031,  64, 64, 64
L 1900.9835, -527.4465, 12.9031,  1880.0219, -524.6792, 12.0035,  64, 64, 64
L 1880.0219, -524.6792, 12.0035,  1863.6716, -519.6865, 10.2351,  64, 64, 64
L 1863.6716, -519.6865, 10.2351,  1863.6716, -519.6865, 10.2351,  64, 64, 64
L 1863.6716, -519.6865, 10.2351,  1861.9546, -521.5090, 9.8721,  64, 64, 64
L 1861.9546, -521.5090, 9.8721,  1861.1190, -522.1338, 10.0296,  64, 64, 64
L 1861.1190, -522.1338, 10.0296,  1859.4163, -522.7189, 10.5676,  64, 64, 64
L 1859.4163, -522.7189, 10.5676,  1857.4344, -522.4432, 11.4797,  64, 64, 64
L 1857.4344, -522.4432, 11.4797,  1856.2401, -520.1553, 12.4062,  64, 64, 64
L 1856.2401, -520.1553, 12.4062,  1854.8036, -516.7399, 13.7644,  64, 64, 64
L 1854.8036, -516.7399, 13.7644,  1851.5619, -515.1279, 13.9682,  64, 64, 64
L 1851.5619, -515.1279, 13.9682,  1842.4503, -503.0524, 11.2394,  64, 64, 64
L 1842.4503, -503.0524, 11.2394,  1839.3778, -496.0266, 5.1974,  64, 64, 64
L 1839.3778, -496.0266, 5.1974,  1819.7173, -482.4063, -3.9486,  64, 64, 64
L 1872.1222, -576.3522, 11.2320,  1860.3282, -580.1579, 10.9085,  64, 64, 64
L 1860.3282, -580.1579, 10.9085,  1856.0392, -581.5482, 16.1739,  64, 64, 64
L 1856.0392, -581.5482, 16.1739,  1851.9792, -582.9444, 19.8068,  64, 64, 64
L 1851.9792, -582.9444, 19.8068,  1846.2787, -590.3851, 23.8063,  64, 64, 64
L 1846.2787, -590.3851, 23.8063,  1841.9664, -602.1802, 21.5978,  64, 64, 64
L 1841.9664, -602.1802, 21.5978,  1834.5033, -602.7228, 18.8808,  64, 64, 64
L 1834.5033, -602.7228, 18.8808,  1819.5331, -604.7044, -15.2586,  64, 64, 64
L 2050.6428, -652.9817, 13.9207,  2051.2217, -614.0455, 13.9310,  150, 0, 200
L 540.9529, 1407.2637, -25.5510,  538.3151, 1383.0674, -25.4990,  64, 64, 64
L 538.3151, 1383.0674, -25.2192,  519.7805, 1386.1238, -24.5544,  64, 64, 64
L 519.7805, 1386.1238, -24.3568,  520.0948, 1406.0769, -25.0838,  64, 64, 64
L 520.0948, 1406.0769, -23.4526,  540.9529, 1407.2637, -25.1414,  64, 64, 64
L 549.7361, 1413.7539, -26.1809,  544.4430, 1412.5055, -25.9356,  64, 64, 64
L 544.4430, 1412.5055, -25.9356,  538.8779, 1413.6868, -25.3878,  64, 64, 64
L 538.8779, 1413.6868, -25.3878,  533.5443, 1415.7195, -24.8628,  64, 64, 64
L 533.5443, 1415.7195, -24.8628,  531.9990, 1417.8822, -24.7106,  64, 64, 64
L 531.9990, 1417.8822, -24.7106,  530.0712, 1420.7053, -24.4692,  64, 64, 64
L 530.0712, 1420.7053, -24.4692,  531.0692, 1423.5530, -24.2871,  64, 64, 64
L 531.0692, 1423.5530, -24.2871,  534.1177, 1424.4584, -24.4952,  64, 64, 64
L 534.1177, 1424.4584, -24.4952,  553.7894, 1431.4969, -23.2695,  64, 64, 64
L 553.7894, 1431.4969, -23.2695,  555.1647, 1430.2623, -23.5125,  64, 64, 64
L 555.1647, 1430.2623, -23.5125,  556.5494, 1427.5903, -24.0348,  64, 64, 64
L 556.5494, 1427.5903, -24.0348,  555.7354, 1425.5381, -24.4298,  64, 64, 64
L 555.7354, 1425.5381, -24.4298,  552.5045, 1425.0627, -24.5278,  64, 64, 64
L 552.5045, 1425.0627, -24.5278,  546.2286, 1422.8173, -24.9264,  64, 64, 64
L 546.2286, 1422.8173, -24.9264,  556.2451, 1423.4054, -24.8625,  64, 64, 64
L 556.2451, 1423.4054, -24.8625,  554.5441, 1418.8459, -25.6240,  64, 64, 64
L 554.5441, 1418.8459, -25.6240,  551.6261, 1416.3226, -24.9264,  64, 64, 64
L 551.6261, 1416.3226, -24.9264,  549.7361, 1413.7539, -26.8700,  64, 64, 64
L 546.7371, 1376.6940, -25.0813,  546.0429, 1382.0939, -25.4990,  64, 64, 64
L 546.0429, 1382.0939, -25.4990,  547.1698, 1386.3184, -25.4990,  64, 64, 64
L 547.1698, 1386.3184, -25.4990,  549.6007, 1391.1877, -25.5478,  64, 64, 64
L 549.6007, 1391.1877, -25.5478,  551.8261, 1393.6859, -26.0216,  64, 64, 64
L 551.8261, 1393.6859, -26.0216,  555.0923, 1395.6508, -26.5319,  64, 64, 64
L 555.0923, 1395.6508, -26.5319,  557.6508, 1395.5087, -26.7702,  64, 64, 64
L 557.6508, 1395.5087, -26.7702,  558.9926, 1393.8696, -26.7452,  64, 64, 64
L 558.9926, 1393.8696, -26.7452,  563.9833, 1371.9845, -23.4944,  64, 64, 64
L 563.9833, 1371.9845, -23.4944,  562.1936, 1368.6796, -23.0172,  64, 64, 64
L 562.1936, 1368.6796, -23.0172,  559.9080, 1368.0398, -23.1044,  64, 64, 64
L 559.9080, 1368.0398, -23.1044,  557.5180, 1368.7191, -23.2382,  64, 64, 64
L 557.5180, 1368.7191, -23.2382,  556.2631, 1379.2046, -25.2414,  64, 64, 64
L 556.2631, 1379.2046, -25.2414,  546.7371, 1376.6940, -24.8469,  64, 64, 64
L 1198.4955, 1225.8138, -22.2727,  1174.6948, 1203.1561, -24.0339,  64, 64, 64
L 1173.7539, 1203.1284, -23.5832,  1146.6062, 1229.0841, -26.8109,  64, 64, 64
L 1146.6062, 1229.0841, -26.8109,  1151.5159, 1236.8657, -27.1232,  64, 64, 64
L 1151.5159, 1236.8657, -27.1232,  1157.4075, 1244.2637, -26.6623,  64, 64, 64
L 1157.4075, 1244.2637, -26.6623,  1165.1014, 1245.6157, -25.8932,  64, 64, 64
L 1165.1014, 1245.6157, -25.8932,  1173.6515, 1244.5045, -25.2703,  64, 64, 64
L 1173.6515, 1244.5045, -25.2703,  1176.9598, 1243.3726, -25.1847,  64, 64, 64
L 1176.9598, 1243.3726, -25.1847,  1182.5005, 1239.6965, -25.2030,  64, 64, 64
L 1182.5005, 1239.6965, -25.2030,  1186.8365, 1236.2618, -22.9382,  64, 64, 64
L 1186.8365, 1236.2618, -22.9382,  1198.4955, 1225.8138, -23.4801,  64, 64, 64
L 1195.9513, 1227.9617, -22.7238,  1190.9149, 1226.3657, -22.9681,  64, 64, 64
L 1190.9149, 1226.3657, -22.9681,  1170.1385, 1206.5850, -23.0471,  64, 64, 64
L 1189.9226, 1262.5626, -23.2845,  1159.7943, 1263.9524, -23.1642,  64, 64, 64
L 1159.7943, 1263.9524, -22.6518,  1156.8671, 1279.3165, -21.7325,  64, 64, 64
L 1156.8671, 1279.3165, -21.6332,  1189.1216, 1283.1796, -21.3215,  64, 64, 64
L 1189.1216, 1283.1796, -21.5494,  1189.9226, 1262.5626, -23.1242,  64, 64, 64
L 1148.6713, 1281.5518, -21.5889,  1151.6609, 1277.1987, -21.8683,  64, 64, 64
L 1151.6609, 1277.1987, -21.8683,  1152.4225, 1274.0200, -22.1703,  64, 64, 64
L 1152.4225, 1274.0200, -22.1703,  1151.4852, 1268.1826, -22.7443,  64, 64, 64
L 1151.4852, 1268.1826, -22.7443,  1150.2063, 1263.8804, -23.1664,  64, 64, 64
L 1150.2063, 1263.8804, -23.1664,  1148.3674, 1261.1901, -23.4301,  64, 64, 64
L 1148.3674, 1261.1901, -23.4301,  1143.1221, 1258.5544, -23.8354,  64, 64, 64
L 1143.1221, 1258.5544, -23.8354,  1139.6780, 1257.2872, -24.0904,  64, 64, 64
L 1139.6780, 1257.2872, -24.0904,  1138.4478, 1262.2509, -23.3280,  64, 64, 64
L 1138.4478, 1262.2509, -23.3280,  1132.3472, 1261.9674, -23.3557,  64, 64, 64
L 1132.3472, 1261.9674, -23.3557,  1130.8304, 1267.4489, -22.8204,  64, 64, 64
L 1130.8304, 1267.4489, -22.8204,  1130.5677, 1278.3126, -21.7595,  64, 64, 64
L 1130.5677, 1278.3126, -21.7595,  1131.0900, 1281.7694, -21.4219,  64, 64, 64
L 1131.0900, 1281.7694, -21.4219,  1132.1458, 1283.6470, -21.2385,  64, 64, 64
L 1132.1458, 1283.6470, -21.2385,  1142.9240, 1284.7976, -21.1262,  64, 64, 64
L 1142.9240, 1284.7976, -21.1262,  1148.6713, 1281.5518, -21.4157,  64, 64, 64
L 1148.1935, 1281.8217, -21.4157,  1148.2382, 1281.7861, -21.4203,  64, 64, 64
P -287.6927, 2037.0199, -49.4057,  0, 0, 0,  3,  to_Mons_Letalis
P 83.6759, -38.5882, -47.8740,  0, 0, 0,  3,  to_Ssraeshza_Temple
P 2025.4497, -624.1452, -0.0872,  0, 0, 0,  3,  to_The_Scarlet_Desert
