P -2196.4360, -715.1758, 50.3770,  0, 0, 0,  3,  Jo_Jo
P 1674.5137, -1124.9321, 40.8046,  0, 0, 0,  3,  Terago_Omath_(Task_Master(
P 1580.0520, -1532.0286, 76.0494,  0, 0, 0,  3,  Jalen_Goldsinger
P 1638.8596, -1980.1532, 88.4005,  0, 0, 0,  3,  Quana_Rainsparkle_(Merchant)
P -385.7341, 1869.2170, 74.7644,  0, 0, 0,  3,  Rungupp
P 225.0000, 1984.0000, 47.0000,  240, 240, 240,  3,  to_Paineel
P 1125.9910, -826.2148, 26.9578,  0, 0, 0,  3,  Telanku_Trailrunner
P 1659.0000, 1505.0000, 68.0000,  0, 127, 0,  3,  Wizard_Spires
P 1247.9056, -1962.8315, 75.6180,  0, 0, 0,  3,  Ricandrow_Starbourne
P 841.2618, -2235.1580, 41.5571,  0, 0, 0,  3,  Sentinel_Drom
P 859.0844, -2229.0361, 41.5571,  0, 0, 0,  3,  Sentinel_Flavius
P 709.1165, -1996.2778, 26.7109,  0, 0, 0,  3,  Emil_Parsini_(Bag_Merchant)
P 672.4820, -2000.2081, 32.7109,  0, 0, 0,  3,  Stylla_Parsini_(Bag_Merchant)
P 1164.7556, -1413.8118, 28.2723,  0, 0, 0,  3,  Cyria_Lorewhisper_(Gem_Merchant)
P 1181.7234, -1404.0780, 34.2723,  0, 0, 0,  3,  Tran_Lilspin_(Reagent_Merchant)
P 1902.8058, -1152.2235, 45.1043,  0, 0, 0,  3,  Verogone_Wayfinder
P 937.8147, -2296.7224, 40.2785,  240, 240, 240,  3,  to_Erudin
P 1539.5902, 1535.4087, 60.4789,  0, 0, 0,  3,  Kellkoan_Rishta
P 2159.0000, 1094.0000, 126.0000,  240, 240, 240,  3,  to_Barren_Coast
P 1550.8820, -371.9708, 15.4568,  0, 0, 0,  3,  Friedalla_Dawncrest
P 1674.8613, -373.2824, 15.6445,  0, 0, 0,  3,  Aglthin_Dasmore
P 1594.0275, -1199.2982, 45.0582,  0, 0, 0,  3,  Abandoned_Heritic_Pets
P 1809.0000, -1909.0000, 118.0000,  0, 240, 0,  3,  pok_book
P -1764.8672, 1789.1666, -50.7189,  0, 0, 0,  2,  Map_by_Dastinar_Elanthian_of_Druzzil_Ro
P 924.2440, -2301.9915, 40.1823,  255, 0, 255,  3,  Erudin
P 1814.3068, -1908.7350, 121.6598,  255, 0, 255,  3,  POK_Book
P 1144.7848, -932.6666, 66.8008,  127, 64, 0,  3,  Druid_Ring
P 1639.2695, -1980.3201, 88.3845,  0, 0, 0,  2,  Quana_Rainsparkle
P 1165.6343, -1413.6110, 28.3765,  0, 0, 0,  2,  Cyria_Lorewhisper
P 709.6176, -1997.4872, 26.8150,  0, 0, 0,  2,  Emil_Parsini
P 672.8680, -1999.4312, 32.8150,  0, 0, 0,  2,  Stylla_Parsini
P -569.5810, -2164.2065, 77.9891,  0, 0, 0,  2,  Win_Karnam
P -536.3106, -2152.4475, 71.9891,  0, 0, 0,  2,  Islan_Heston_(Task_Master)
P 210.2555, 1992.7804, 46.4475,  255, 0, 255,  3,  Paineel
P -1177.2329, -2166.3621, 14.6793,  127, 64, 0,  3,  Boat
P 1675.0447, -377.3671, 14.3916,  0, 0, 0,  2,  Agithin_Dasmore
P -330.5042, 748.9232, 27.1329,  0, 0, 0,  2,  Sanidella_Sylivic
P 1664.8918, 1500.9128, 67.8189,  127, 64, 0,  3,  Wizard_Spires
P 1242.7247, 1621.5725, 41.4162,  0, 127, 0,  2,  Kobold_Camp
P 1647.0000, -1985.0000, 91.0000,  240, 0, 0,  3,  Quana_Rainsparkle_(baking)
P 1626.0000, -1960.0000, 84.0000,  240, 0, 0,  3,  Xylania_Rainsparkle_(jewels)
P 1187.0000, -1400.0000, 34.0000,  240, 0, 0,  3,  Tran_Lilspin
P 1164.0000, -1411.0000, 30.0000,  240, 0, 0,  3,  Cyria_Lorewhisper_(jewelcraft)
P 1670.0000, -1126.0000, 39.0000,  240, 0, 0,  3,  Terago_Omath_(Tasks)
P 1552.0000, -366.0000, 15.0000,  240, 0, 0,  3,  Friedalla_Dawncrest
P 1297.0000, 1120.0000, 25.0000,  240, 0, 0,  3,  kobolds
P -2343.0000, 2.0000, -3.0000,  240, 0, 0,  3,  a_banished_kerran
P -2053.0000, -624.0000, 56.0000,  240, 0, 0,  3,  Melixis_(fish+alchemy)
P -2220.0000, 361.0000, 19.0000,  240, 0, 0,  3,  Errrak_Thickshank
P -2109.0000, 292.0000, 47.0000,  240, 0, 0,  3,  Feskr_Drinkmaker
P -2158.0000, 280.0000, 19.0000,  240, 0, 0,  3,  Raarrk_(Booze)
P -2121.0000, 277.0000, 22.0000,  240, 0, 0,  3,  Iffir_Soulcaller
P -2133.0000, 251.0000, 19.0000,  240, 0, 0,  3,  Falthrik_Lothoro
P -1961.0000, 415.0000, 20.0000,  240, 0, 0,  3,  Thalith_Mumluk
P -1584.0000, 42.0000, 54.0000,  240, 0, 0,  3,  Roary_(fishing_supplies)
P -1208.0000, 519.0000, 20.0000,  127, 127, 0,  2,  row_boat
P 1147.0000, -941.0000, 25.0000,  0, 240, 240,  3,  Druid_Ring
P 920.0000, -2303.0000, 40.0000,  0, 240, 0,  3,  To_Erudin
P 198.0000, 1996.0000, 48.0000,  0, 240, 0,  3,  To_Paineel
P 267.0000, -281.0000, 60.0000,  255, 0, 255,  3,  Map_by_Latan_(Saryrn)
P -532.0000, -2160.0000, 74.0000,  240, 0, 0,  3,  Islan_Hetston_(Tasks)
P -325.0000, 754.0000, 21.0000,  240, 0, 0,  3,  Sanidella_Syllvic
P 1240.0000, 1610.0000, 29.0000,  240, 0, 0,  3,  kobolds
P 1373.0000, -2010.0000, 107.0000,  0, 240, 0,  3,  To_Shadowrest
P -567.0000, -2159.0000, 79.0000,  240, 0, 0,  3,  Win_Karnam_(smithing)
P 1258.0000, -1957.0000, 90.0000,  240, 0, 0,  3,  Ricandrow_Starbourne
P 715.0000, -2002.0000, 28.0000,  240, 0, 0,  3,  Emil_Parsini_(bags)
P -254.0000, 1694.0000, 33.0000,  0, 240, 0,  3,  pok_book
P 668.0000, -2000.0000, 35.0000,  240, 0, 0,  3,  Stylia_parsini_(bags)
P -2216.7122, 355.8173, 19.5693,  0, 0, 0,  3,  Errak_Thickshank
P -2114.7175, 289.8897, 46.8391,  0, 0, 0,  3,  Feskr_Drinkmaker
P -969.5367, -2160.9014, 16.5223,  0, 0, 0,  3,  Assistant_T`os
P -535.5333, -2152.3835, 71.8850,  0, 0, 0,  3,  Islan_Hetston_(Merchant_and_Taskmaster)
P -330.1510, 749.1948, 16.5148,  0, 0, 0,  3,  Sanidella_Syllvic
P -2208.7476, 382.5384, 19.5693,  0, 0, 0,  3,  Allix
P -2224.3853, 373.0218, 19.5723,  0, 0, 0,  3,  Graalf_Sharpclaw
P -431.7395, 407.5696, 16.8843,  0, 127, 0,  3,  Dock
P -334.4277, 374.3100, 14.7457,  0, 0, 0,  3,  Elial_Brook
P -323.7620, 560.5336, 42.3890,  0, 0, 0,  3,  Knarthenne_Skurl
P 1259.7019, -966.9287, 24.3412,  0, 0, 0,  3,  Illsiv_Gantrau
P -1960.9312, 420.1294, 20.2027,  0, 0, 0,  3,  Thalith_Mamluk
P -2102.3679, 355.6346, 19.0483,  0, 0, 0,  3,  Wislen_Mamluk
P 1153.3118, -948.3016, 41.7442,  0, 127, 0,  3,  Druid_Ring
P 1153.0560, -953.6821, 24.8302,  0, 0, 0,  3,  Martyn_Firechaser_(Druid_Port_Spells)
P 1697.0929, 1387.5911, 63.6238,  0, 0, 0,  3,  Lanivon_Baxer
P -568.2729, -2163.9915, 77.8850,  0, 0, 0,  3,  Win_Kernam_(Armor_Molds)
P -2162.1123, 281.7649, 19.5722,  0, 0, 0,  3,  Raarrk
P -2152.1479, 282.4220, 19.5732,  0, 0, 0,  3,  Erfer_Longclaw
P -2124.3525, 272.6959, 21.8391,  0, 0, 0,  3,  Iffrir_Soulcaller
P -2131.8586, 257.0493, 19.5693,  0, 0, 0,  3,  Falthrik_Lothoro
P -1966.7015, 201.6155, 54.5693,  0, 0, 0,  3,  Urkath_Greyface
P -2090.1650, 251.0370, 19.5693,  0, 0, 0,  3,  Dozing_Ghulam
P -2122.6333, 301.1267, 21.8391,  0, 0, 0,  3,  Drunken_Ghulam
P -1925.2145, 370.6088, 19.5921,  0, 0, 0,  3,  Feren
P -1578.6588, 35.9829, 54.5693,  0, 0, 0,  3,  Roary_Fishpouncer
P 1657.3816, 1501.0071, 67.5894,  0, 0, 240,  2,  Nexus_Scion
P 1377.0166, -2017.0928, 109.7774,  0, 0, 240,  2,  Dovon_Traical_(Emissary_of_Shadowrest)
P -535.4571, -2152.2344, 72.2778,  0, 0, 240,  2,  Islan_Hetston_(Task_Master)
P 174.5011, 1995.1909, 46.2312,  0, 0, 240,  3,  Paineel
P 940.4863, -2296.6028, 39.9660,  0, 0, 240,  3,  Erudin
P 1320.0365, 1119.1338, 29.5340,  240, 0, 0,  2,  Kobald_Camp_1
P 1238.2725, 1610.6058, 31.3400,  240, 0, 0,  2,  Kobald_Camp_2
P -255.4500, 1690.8406, 33.5064,  240, 240, 240,  3,  Plane_of_Knowledge_Book
P 1627.0663, -1961.7762, 82.4005,  0, 0, 0,  3,  Xylania_Rainsparkle
P 1813.4943, -1908.0308, 121.5584,  240, 240, 240,  3,  Plane_of_Knowledge_Book
P -2045.6895, -623.7629, 54.5691,  0, 0, 0,  3,  Melixis
P -2251.0908, -717.6801, 50.5143,  0, 0, 0,  3,  Lord_Gongo
P -2343.3083, 4.4203, -2.6639,  0, 0, 0,  3,  Banished_Kerran
P -2300.1477, -0.9935, -2.6638,  0, 0, 0,  3,  Maugarim
P -2137.2087, -111.1362, 20.2647,  0, 0, 0,  3,  Marl_Kastane
P -1947.8916, 80.2387, 35.5629,  0, 0, 0,  3,  Shazda_Asad
