P 658.6564, -569.0750, -72.7490,  0, 0, 240,  2,  Gloomingdeep_Mushrooms
P -50.9488, -14.8187, -14.2490,  240, 0, 0,  2,  Slavemaster_Ruga
P -607.9811, 5.0326, -13.4990,  240, 0, 0,  2,  Spider_Tamer_Gugan
P 539.0361, -719.1371, -73.8284,  240, 240, 0,  2,  Guard_Zajeer
P 539.1160, -734.1398, -73.8345,  240, 240, 0,  2,  Guard_Rahtiz
P 613.5408, -705.3856, -72.7490,  0, 240, 0,  2,  Xenaida_Akh`zrial_(Maps/Potions)
P 652.3407, -726.7996, -72.7490,  0, 240, 0,  2,  Poxan_(Swimming)
P 681.5618, -803.4701, -72.7490,  0, 240, 0,  2,  Absor_(Weapons)
P 688.9814, -804.2139, -72.7490,  0, 240, 240,  2,  Forge
P 699.7402, -762.9373, -72.7490,  0, 240, 0,  2,  Prathun_Stumblebum_(Chat)
P 743.0117, -776.6292, -72.7453,  0, 240, 0,  2,  Vahlara_(Armor)
P 809.4216, -764.2416, -72.7490,  0, 240, 240,  2,  Oven
P 815.9590, -754.3802, -72.7490,  0, 240, 240,  2,  Oven
P 814.9322, -724.3763, -72.7490,  0, 240, 240,  2,  Oven
P 815.9472, -746.2311, -72.7490,  0, 240, 0,  2,  Frizznik_Hailstorm_(Tradeskills)
P 826.7946, -645.3560, -72.7490,  0, 240, 0,  2,  Lyndroh_(Banker)
P 768.5499, -588.5669, -72.7489,  0, 240, 0,  2,  Wijdan_(Merchant)
P 718.3619, -622.7947, -72.7490,  0, 240, 0,  2,  Rashere_Al-Ayahd_(Soulbinder)
P 669.8363, -635.1587, -72.7450,  0, 240, 0,  2,  Kesh`yk_Vahren_(Combat_Abilities)
P 671.9567, -599.2503, -72.7490,  0, 240, 0,  2,  Rytan_(Buffs/Spells)
P 742.9686, -685.9381, -72.7416,  240, 240, 0,  2,  Guard_Kaikachi
P 769.0302, -673.9384, -72.7420,  240, 240, 0,  2,  Arias_(Zone_Exit)
P 722.3776, -703.7889, -72.7490,  0, 240, 0,  2,  Valtron_Ogrebane_(Leader)
P 727.9232, -733.6996, -72.7417,  240, 240, 0,  2,  Guard_Maddoc
P 647.9765, -594.6207, -73.5954,  240, 240, 0,  2,  Exit_Water
P 648.3550, -649.3494, -93.7480,  0, 0, 240,  2,  Poxan's_Sword
P 620.3706, -677.4799, -75.2968,  240, 240, 0,  2,  Exit_Water
