P -52.0000, 38.0000, 0.0000,  255, 255, 255,  2,  Succor_Point
P -136.5905, -348.5930, 0.0010,  0, 0, 0,  2,  West_Hedge_Maze
P 143.0002, -355.1210, 0.0010,  0, 0, 0,  2,  East_Hedge_Maze
P 272.2832, -500.3459, 12.0010,  0, 0, 0,  2,  Gazebo
P -0.9887, -886.5938, 0.0010,  0, 0, 0,  2,  Back_Door
P -296.8125, -626.0826, 0.0010,  0, 0, 0,  2,  Left_Wall
P 285.5493, -688.8914, 0.0010,  0, 127, 127,  2,  Serra/Gnome_Spelunker/Hearld_of_Mischief
P 287.4230, -530.2899, -19.9990,  0, 127, 127,  1,  Wizard_Staff_Piece
P 5.0017, -522.8438, 5.0010,  0, 0, 0,  2,  Stairs_Up
P -106.1007, -684.7014, -45.7159,  0, 0, 0,  3,  Pit
P -77.8001, -684.0117, -44.5122,  0, 0, 0,  3,  Pit
