P -609.0000, 2487.0000, -504.0000,  0, 0, 0,  3,  to_Frostcrypt
P 1638.0000, 2104.0000, 0.0000,  127, 0, 0,  3,  Wraithguard_Lodigar_(Tasks)
P -3.6039, 3145.1040, -0.7192,  0, 0, 0,  3,  To_The_Steppes
P -1538.0000, 1353.0000, 212.0000,  127, 0, 0,  3,  path_down
P -1744.0000, -140.0000, -200.0000,  127, 0, 0,  3,  Mammoths
P -416.0000, 460.0000, 25.0000,  127, 0, 0,  3,  path_up
P 1391.0000, 28.0000, 8.0000,  127, 0, 0,  3,  war_wolfs
P 1164.0000, -434.0000, -1.0000,  127, 0, 0,  3,  Gothar
P 1650.0000, -594.0000, 101.0000,  127, 0, 0,  3,  instance_/_zone_?
P 1140.0000, -790.0000, 90.0000,  127, 0, 0,  3,  citadel_building
P 2764.0000, -508.0000, 98.0000,  127, 0, 0,  3,  Fihulf
P -358.0000, -1554.0000, 13.0000,  127, 0, 0,  3,  Derein
P 373.0000, 424.0000, -10.0000,  127, 0, 0,  3,  path_up
P 1060.0000, 1363.0000, 79.0000,  127, 0, 0,  3,  Wraithguard_Hemigul
P 1076.0000, 1514.0000, 81.0000,  127, 0, 0,  3,  wraithguard_thentil_strongarm
P 833.0000, 1129.0000, 3.0000,  127, 0, 0,  2,  room_ahead_is_blocked
P 634.0000, 1257.0000, 291.0000,  127, 0, 0,  3,  Belgar_
P 627.0000, 1207.0000, 396.0000,  127, 0, 0,  3,  watch_commander_thellik
P -732.0000, 1389.0000, 9.0000,  127, 0, 0,  3,  Seathir
P -1250.0000, 1933.0000, 4.0000,  0, 0, 0,  3,  wraithguard_sergeant_aerik
P -656.0000, 2466.0000, -492.0000,  0, 0, 0,  3,  wraithguard_hunter_grethmar
P 275.0000, 2732.0000, -500.0000,  0, 0, 0,  3,  ironbelly_(polar_bear)
P 496.0000, 2826.0000, -498.0000,  0, 0, 0,  3,  Drentik_the_Mad
P 75.0000, 2497.0000, 24.0000,  0, 240, 240,  2,  great_bridge
P 2374.0000, -788.0000, 147.0000,  0, 240, 240,  2,  1-enter_the_arena
P 68.0000, -525.0000, 19.0000,  0, 240, 240,  2,  2-lorekeeper's_pulpit
P 589.0000, 1187.0000, 386.0000,  0, 240, 240,  2,  4-East_guard_tower
P -725.0000, 1171.0000, 386.0000,  0, 240, 240,  2,  5-west_guard_tower
