P 1306.2572, 1155.2301, 280.9674,  0, 0, 0,  2,  Phara_Dar
P -558.5922, -1444.2371, 269.9092,  0, 0, 0,  2,  Hoshkar
P 208.0336, -336.3640, 450.8054,  0, 0, 0,  2,  Silverwing
P 597.7428, -1188.2385, 676.1948,  0, 0, 0,  2,  Nexona
P 142.3643, -1430.8160, 449.6450,  0, 0, 0,  2,  Druushk
P -1223.8163, -1155.5100, 765.3679,  0, 0, 0,  2,  Xygoz
P 1000.0000, 1122.0000, 0.0000,  255, 255, 255,  2,  Plane_of_Sky
P -1347.0000, -1238.0000, 0.0000,  255, 255, 255,  2,  Swamp_of_No_Hope
P 157.0000, -1310.0000, 0.0000,  255, 255, 255,  2,  East_Freeport
P 449.0000, -1176.0000, 0.0000,  255, 255, 255,  2,  Skyfire_Mtns
P -1680.0000, -40.0000, 0.0000,  255, 255, 255,  2,  Zone-in
