P -271.2310, 364.5785, -13.9990,  0, 0, 0,  2,  Shaman_Soothsayer
P -595.8027, 171.0977, -36.4042,  0, 0, 0,  2,  Feral_Lord_Gulok
P -617.3864, -291.9172, -27.9990,  0, 0, 0,  2,  Worlock_Dirloz
P 507.7539, 41.7096, 8.0010,  0, 0, 0,  2,  Undead_Chef
P -608.9219, 307.3688, -30.2781,  240, 240, 0,  2,  Underwater_tunnel
P -5.1126, 352.4818, -29.9990,  0, 0, 0,  2,  Bloodgills
P -476.3878, 497.8424, 34.0010,  0, 0, 0,  2,  Champion_Karmak
P -619.9805, 513.9374, -11.9990,  0, 0, 0,  2,  Lord_Sasil
P 9.3179, 114.5047, -29.9990,  0, 0, 0,  2,  Behemoth_Golem
P 50.8355, 249.2985, -29.9990,  0, 0, 0,  2,  Undead_Storekeeper
P 176.9375, 240.0237, 8.0010,  0, 0, 0,  2,  Undead_Smith
P -109.2100, -349.2195, -21.9990,  0, 0, 0,  2,  Warlock_Gurag
P -140.3393, -288.4466, -27.9990,  0, 0, 0,  2,  Luminary_Salox
P -238.1897, -251.2197, -27.9990,  0, 0, 0,  2,  Heirophant_Vradik
P 157.2862, 392.3255, -30.2246,  0, 0, 0,  2,  Bloodgill_Warlord
P 308.1518, 393.7107, 22.0010,  0, 0, 0,  2,  Remains_of_Slythax
P -457.2451, -262.7121, -27.9990,  0, 0, 0,  2,  Warlock_Area
P 572.6092, -196.1926, 42.0010,  0, 0, 0,  2,  Sad_Slave
P 480.9873, -171.5113, -22.1666,  0, 0, 0,  2,  Decaying_Slavemaster
