P 870.0000, 1078.0000, -22.0000,  240, 240, 0,  2,  Feran_Savageclaw_(G)
P 706.0000, 1144.0000, -11.0000,  240, 240, 0,  2,  Feran_Bloodkeeper_(G)
P 575.0000, 1213.0000, -11.0000,  240, 240, 0,  2,  Chimera_Seether_(G)
P 277.0000, 1329.0000, 3.0000,  240, 240, 0,  2,  Chimera_Deathbringer_(G)
P 300.0000, 1169.0000, 0.0000,  240, 240, 0,  2,  Bazu_Bonesmasher_(G)
P 447.0000, 1238.0000, -11.0000,  240, 240, 0,  2,  Bazu_Destroyer_(G)
P 541.0000, 1166.0000, -4.0000,  240, 240, 0,  2,  Shadowhunter_(GG)
P 785.0000, -237.0000, 21.0000,  0, 0, 240,  2,  Dragorn_Champion_(R)
P 658.0000, 281.0000, -9.0000,  0, 0, 240,  2,  Cipheron_(R)
P -934.0000, -639.0000, 122.0000,  240, 0, 0,  2,  Girplan_Mastercrafter_(G)
P -500.0000, 234.0000, 58.0000,  240, 0, 0,  2,  Dragorn_Strategist_(G)
P 619.0000, 1721.0000, 20.0000,  0, 0, 240,  1,  Camp_HERE
P -2503.0000, -132.0000, 41.0000,  240, 0, 0,  2,  Dragorn_Blightkeeper_(G)
P -2281.0000, -566.0000, 43.0000,  240, 0, 0,  2,  Dragorn_Nightwalker_(G)
P -2333.0000, -330.0000, 40.0000,  0, 0, 240,  1,  Camp_HERE
P 36.0000, -645.0000, -11.0000,  240, 0, 0,  2,  Ukun_Tendonslicer_(G)
P -1351.0000, -1713.0000, 119.0000,  0, 0, 240,  2,  Citadel_of_Anguish_(locked)
P 1460.0000, 2286.0000, 0.0000,  0, 0, 240,  2,  Nobles'_Causeway
P 1696.0000, -1980.0000, 105.0000,  0, 0, 240,  2,  Proving_Grounds
P 124.0000, -692.0000, -18.0000,  240, 0, 0,  2,  Kyv_Assassin_(G)
P -178.0000, -725.0000, 93.0000,  240, 0, 0,  2,  Kyv_Trueshot_(G)
P -240.0000, -803.0000, 93.0000,  240, 0, 0,  2,  Noc_Bonecleaver_(G)
P -475.0000, -932.0000, 88.0000,  240, 0, 0,  2,  Girplan_Taskmaster_(G)
P -227.0000, -551.0000, -4.0000,  240, 0, 0,  2,  Girplan_Mastercrafter_(G)
P 112.0000, 48.0000, -5.0000,  0, 0, 240,  2,  Velitorkin_(R)
P -2200.0000, 800.0000, 0.0000,  240, 240, 0,  2,  (Yellow)
P -2200.0000, 850.0000, 0.0000,  0, 0, 240,  2,  (G)
P -2200.0000, 900.0000, 0.0000,  0, 0, 240,  2,  (GG)
P -2200.0000, 950.0000, 0.0000,  0, 0, 240,  2,  (R)
P -814.7430, 586.6837, 94.7331,  0, 240, 0,  3,  Best_way_from_NC
