P 468.0000, 1429.0000, 0.0000,  255, 255, 255,  2,  Succor_Point
P -1250.0000, 950.0000, 0.0000,  255, 255, 255,  2,  Giant_Fort
P 0.0000, -3000.0000, 0.0000,  255, 255, 255,  2,  Goblin_Fort
P -1100.0000, 3700.0000, 0.0000,  255, 255, 0,  2,  Lake_of_Ill_Omen
P 1100.0000, 2500.0000, 0.0000,  255, 255, 0,  2,  West_Cabilis
P 3500.0000, -1400.0000, 0.0000,  255, 255, 0,  2,  Field_of_Bone
P -4500.0000, 300.0000, 0.0000,  255, 255, 0,  2,  The_Overthere
P -2075.0479, -1557.9836, 174.6840,  240, 240, 240,  2,  Goblins
P 123.8678, -2247.2422, -23.1131,  240, 240, 240,  2,  Goblins
P 2130.6475, -3264.0479, -27.0739,  240, 240, 240,  2,  Goblins
P 2489.8555, -3779.8301, -27.0865,  240, 240, 240,  2,  Iksar_Bandits
P 2839.7292, -2813.0813, -9.1552,  240, 240, 240,  2,  Iksar_Bandits
P -4184.7578, 1369.9525, 548.8323,  240, 240, 240,  2,  Iksar_Bandits
P -3707.7100, 1517.6300, 585.8630,  240, 240, 240,  2,  Iksar_Bandits
P -2625.9922, 900.4789, 260.7782,  240, 240, 240,  2,  Iksar_Bandits
P -2456.7556, -603.4872, 173.3135,  240, 240, 240,  2,  Bandit_Lord
P -3297.1511, 2891.6277, 424.5037,  240, 240, 240,  2,  Open_Valley
P -958.2706, 2052.6755, 72.6730,  240, 240, 240,  2,  Goblin_Pond
P -1454.8556, 2273.9866, 116.8300,  240, 240, 240,  2,  Iksar_Bandit_Caves
P -4556.7720, -2577.0581, -244.7177,  240, 240, 0,  2,  Dalnir
