P 1853.6815, -608.6578, 102.9980,  0, 0, 240,  1,  Deeping_Way_Trade_Route
P 1148.0311, -265.8040, 148.2335,  0, 0, 240,  1,  The_Living_Isles
P 1436.2267, 463.6062, 0.0019,  0, 0, 240,  1,  The_Coral_Bog
P 3.0076, 998.8597, 63.9913,  0, 0, 240,  1,  The_Ruins_of_Xill
P 1428.5939, 950.9144, 3.0101,  0, 0, 240,  1,  Vesarin,_the_Fallen_Outpost
P -1065.8120, -303.8119, 13.8171,  240, 0, 0,  1,  Squeakers
P -1475.5825, -565.1226, 65.7641,  240, 0, 0,  1,  Throatripper
P 542.0011, 973.1456, 129.2596,  240, 127, 0,  1,  Assistant_Savil's_corpse
P 1198.9675, 70.9978, 63.4638,  240, 240, 0,  1,  Widdlethorpe_Gemfinder
P 1514.3900, 928.4000, 15.0700,  0, 0, 0,  1,  Versarin,_the_Fallen_Outpost
P 30.4700, 975.0200, 54.2000,  0, 0, 0,  1,  The_Ruins_of_Xill
P 1436.6400, 345.8700, 9.3600,  0, 0, 0,  1,  The_Coral_Bog
P 1044.0500, -170.6300, 9.7100,  0, 0, 0,  1,  The_Living_Isles
P 1800.2300, -454.6200, 14.0500,  0, 0, 0,  1,  The_Deeping_Way_Trade_Route
P 798.8194, 1561.6099, 358.8583,  240, 240, 240,  3,  The_Hive
P -33.5313, 1001.5946, 71.2259,  240, 240, 240,  3,  Instance
P 947.6602, 391.1067, 31.4227,  240, 240, 240,  3,  _Instance
P 2209.5706, -558.7759, 951.3020,  240, 240, 240,  3,  Undershore
P 416.3181, 44.9066, 60.3098,  240, 240, 240,  3,  The_Hive
P 1134.7224, -1101.1272, -82.0886,  240, 240, 240,  3,  Instance
P 1851.7505, -702.0674, 5.7876,  240, 240, 0,  1,  Kelliad
P 1733.1813, 195.7016, 19.8199,  240, 240, 0,  1,  Meldrek
P 1158.1746, -259.3282, -94.3323,  240, 0, 0,  1,  Grokui,_the_Slumbering_Beast
P 599.3597, -405.4149, 63.8885,  240, 240, 0,  1,  Researcher_Briznek
P 1777.7665, -764.4865, 3.7078,  240, 240, 0,  1,  Fihtzen
P 1798.0286, -841.8399, 5.1385,  240, 240, 0,  1,  Calisar
P 1742.7582, -953.5985, 11.3645,  240, 240, 0,  1,  Illusionist_Zimix
P 1632.5681, -743.0980, 4.8847,  240, 240, 0,  1,  Sintal
P 1138.9379, -1070.4131, 2.8364,  240, 240, 0,  1,  Cutfang
P 956.0735, -74.9520, 4.3906,  240, 240, 0,  1,  Nightmoon
P -770.7775, 645.1874, 36.6065,  240, 240, 0,  1,  Scout_Whiteclaw
P -810.2148, 589.3340, 20.5848,  240, 240, 0,  1,  Watcher_Greypaw
P -890.7327, 612.5629, 20.6228,  240, 240, 0,  1,  Watcher_Shadowfang
P -913.1061, 678.1229, 35.4332,  240, 240, 0,  1,  Spiritualist_Ryianna
P -858.2582, 682.1144, 38.7798,  240, 240, 0,  1,  Shadowalker_Dustspirit
P -1317.0337, -465.6713, 72.2757,  240, 0, 0,  1,  The_Shadow_Guardian
P 1479.8146, -1109.7383, 97.4511,  240, 0, 0,  1,  Zoriles_the_Champion
P 1439.8328, 939.5403, 3.3946,  240, 0, 0,  1,  The_Drained_Shiliskin_Captain
P 1395.5300, 731.7687, 0.1960,  240, 0, 0,  1,  Stonebite
P -17.8658, 999.2782, 71.4863,  240, 0, 0,  1,  Drillak_the_Slayer
P 425.9679, 1133.6376, 33.9422,  240, 0, 0,  1,  The_Drachnid_Champion
P 560.3442, 968.6718, 99.2690,  240, 0, 0,  1,  Reknid_the_Tower_Watcher
P 1076.6300, -1131.7485, 65.8944,  255, 0, 0,  1,  Slave_Driver_Skeliz
P -756.1583, 460.7428, 160.5909,  240, 0, 0,  1,  Commander_Olag
P -209.1175, 207.3217, 104.3535,  240, 0, 0,  1,  Captain_Klegor
